0.265	1.1743209628540452
0.2937637637637638	1.188346629404041
0.32252752752752756	1.1840578468698753
0.35129129129129133	1.1734312135632288
0.38005505505505505	1.1627292361742692
0.4088188188188188	1.1546630553170252
0.4375825825825826	1.1477474820798734
0.4663463463463463	1.140831908842722
0.4951101101101101	1.1339163356055704
0.5238738738738739	1.1272156815545074
0.5526376376376376	1.1276945014158601
0.5814014014014014	1.1283642062977193
0.6101651651651652	1.1297954715090266
0.6389289289289289	1.1309995279484304
0.6676926926926927	1.1312213980716146
0.6964564564564564	1.1314432681947986
0.7252202202202203	1.1322476357126021
0.7539839839839839	1.1330682077553562
0.7827477477477477	1.1343299315435134
0.8115115115115115	1.1359746935033743
0.8402752752752752	1.137619455463235
0.869039039039039	1.136245995156283
0.8978028028028028	1.1343500421465316
0.9265665665665666	1.13245408913678
0.9553303303303303	1.1315555730632276
0.9840940940940941	1.1307681106811087
1.012857857857858	1.1299806482989898
1.0416216216216214	1.1297615607124503
1.0703853853853853	1.1298481574617776
1.0991491491491492	1.1299347542111051
1.1279129129129128	1.1299885336838742
1.1566766766766765	1.1296312806965756
1.1854404404404404	1.129274027709277
1.2142042042042043	1.1289167747219784
1.242967967967968	1.12848062384524
1.2717317317317316	1.1275514583025539
1.3004954954954955	1.126622292759868
1.3292592592592594	1.125693127217182
1.3580230230230228	1.1247639616744958
1.3867867867867867	1.124198983205525
1.4155505505505506	1.1237215772352174
1.4443143143143145	1.1232441712649095
1.473078078078078	1.1227667652946018
1.5018418418418418	1.1222645416226027
1.5306056056056057	1.1211462906674343
1.559369369369369	1.120028039712266
1.588133133133133	1.1189097887570973
1.6168968968968969	1.117791537801929
1.6456606606606607	1.1166732868467604
1.6744244244244242	1.1158043776660238
1.703188188188188	1.1150010044038854
1.731951951951952	1.114197631141747
1.7607157157157158	1.1133942578796088
1.7894794794794793	1.1125908846174704
1.8182432432432432	1.11179194989561
1.847007007007007	1.1112441772540353
1.8757707707707705	1.1106964046124608
1.9045345345345344	1.1101486319708862
1.9332982982982982	1.1096008593293116
1.9620620620620621	1.109053086687737
1.9908258258258256	1.1085053140461625
2.0195895895895895	1.1081709038654701
2.0483533533533533	1.107945356167029
2.077117117117117	1.1077198084685878
2.1058808808808807	1.1074942607701466
2.1346446446446445	1.1072687130717054
2.1634084084084084	1.1070431653732642
2.192172172172172	1.1068176176748232
2.2209359359359357	1.1066894572625234
2.2496996996996996	1.1066097346784076
2.2784634634634635	1.1065300120942918
2.3072272272272274	1.106450289510176
2.335990990990991	1.1063705669260604
2.3647547547547547	1.1062908443419446
2.3935185185185186	1.1062111217578288
2.422282282282282	1.106131399173713
2.451046046046046	1.1061830886463873
2.47980980980981	1.1062388226927793
2.5085735735735737	1.1062945567391713
2.537337337337337	1.1063502907855634
2.566101101101101	1.1064060248319552
2.594864864864865	1.1064617588783472
2.623628628628629	1.1065174929247392
2.652392392392392	1.106573226971131
2.681156156156156	1.1066736823410743
2.70991991991992	1.1068191579999627
2.7386836836836834	1.1069646336588512
2.7674474474474473	1.1071101093177398
2.796211211211211	1.1072555849766283
2.824974974974975	1.107401060635517
2.8537387387387385	1.1075465362944055
2.8825025025025024	1.107692011953294
2.9112662662662663	1.1078374876121826
2.94003003003003	1.1080043474903745
2.9687937937937936	1.1082723213529058
2.9975575575575575	1.1085402952154368
3.0263213213213214	1.108808269077968
3.055085085085085	1.1090762429404992
3.0838488488488487	1.1093442168030303
3.1126126126126126	1.1096121906655616
3.1413763763763765	1.1098801645280927
3.17014014014014	1.110148138390624
3.198903903903904	1.110416112253155
3.2276676676676677	1.1106840861156861
3.2564314314314315	1.1109631753157243
3.285195195195195	1.111243321505195
3.313958958958959	1.1115234676946655
3.3427227227227228	1.1118036138841363
3.371486486486486	1.1120837600736069
3.40025025025025	1.1123639062630775
3.429014014014014	1.1126440524525483
3.457777777777778	1.1129241986420189
3.4865415415415413	1.1132043448314894
3.515305305305305	1.1134844910209603
3.544069069069069	1.1137646372104308
3.572832832832833	1.114150470994675
3.6015965965965964	1.114601127100744
3.6303603603603603	1.1150517832068132
3.659124124124124	1.1155024393128823
3.6878878878878876	1.1159530954189516
3.7166516516516515	1.1164037515250207
3.7454154154154153	1.1168544076310898
3.7741791791791792	1.117305063737159
3.8029429429429427	1.1177557198432282
3.8317067067067065	1.1182063759492973
3.8604704704704704	1.1186570320553664
3.8892342342342343	1.1191076881614357
3.9179979979979978	1.119506734656961
3.9467617617617616	1.119686895247479
3.9755255255255255	1.1198670558379968
4.0042892892892885	1.1200472164285147
4.033053053053052	1.1202273770190327
4.061816816816816	1.1204075376095506
4.09058058058058	1.1205876982000684
4.119344344344344	1.1207678587905865
4.148108108108108	1.1209480193811043
4.176871871871872	1.1211281799716224
4.205635635635636	1.1213083405621402
4.234399399399399	1.121488501152658
4.263163163163163	1.1216686617431761
4.2919269269269265	1.121848822333694
4.32069069069069	1.1221595613783555
4.349454454454454	1.122594834991012
4.378218218218217	1.1230301086036683
4.406981981981981	1.1234653822163247
4.435745745745745	1.1239006558289812
4.464509509509509	1.1243359294416375
4.493273273273273	1.124771203054294
4.522037037037037	1.1252064766669503
4.5508008008008005	1.1256417502796068
4.5795645645645635	1.126077023892263
4.608328328328327	1.1265122975049195
4.637092092092091	1.126947571117576
4.665855855855855	1.1273828447302323
4.694619619619619	1.1278181183428888
4.723383383383383	1.128253391955545
4.752147147147147	1.1286392644573642
4.780910910910911	1.128966506214406
4.809674674674674	1.1292937479714482
4.838438438438438	1.1296209897284901
4.8672022022022015	1.1299482314855323
4.895965965965965	1.1302754732425742
4.924729729729729	1.1306027149996163
4.953493493493493	1.1309299567566582
4.982257257257257	1.1312571985137
5.01102102102102	1.1315844402707422
5.039784784784784	1.1319116820277841
5.068548548548548	1.1322389237848263
5.097312312312312	1.1325661655418682
5.1260760760760755	1.1328934072989103
5.154839839839839	1.1332206490559522
5.183603603603603	1.1335478908129943
5.212367367367366	1.1338751325700362
5.24113113113113	1.1341914061404774
5.269894894894894	1.1345063070549555
5.298658658658658	1.1348212079694333
5.327422422422422	1.1351361088839114
5.356186186186186	1.1354510097983894
5.38494994994995	1.1357659107128675
5.4137137137137135	1.1360808116273455
5.4424774774774765	1.1363957125418234
5.47124124124124	1.1367106134563014
5.500005005005004	1.1370255143707795
5.528768768768768	1.1373404152852575
5.557532532532532	1.1376553161997356
5.586296296296296	1.1379702171142136
5.61506006006006	1.1382851180286915
5.643823823823823	1.1386000189431695
5.672587587587587	1.1389149198576476
5.7013513513513505	1.1392298207721256
5.730115115115114	1.1395447216866037
5.758878878878878	1.1398019959094354
5.787642642642642	1.1400287909713684
5.816406406406406	1.1402555860333017
5.845170170170169	1.1404823810952347
5.873933933933933	1.140709176157168
5.902697697697697	1.140935971219101
5.931461461461461	1.141162766281034
5.960225225225225	1.1413895613429672
5.9889889889889885	1.1416163564049002
6.017752752752752	1.1418431514668335
6.046516516516516	1.1420699465287665
6.075280280280279	1.1422967415906995
6.104044044044043	1.1425235366526327
6.132807807807807	1.1427503317145657
6.161571571571571	1.142977126776499
6.190335335335335	1.143203921838432
6.219099099099099	1.143430716900365
6.2478628628628625	1.1436575119622983
6.2766266266266255	1.1438843070242313
6.305390390390389	1.1441111020861645
6.334154154154153	1.1444346813549096
6.362917917917917	1.1448267513268466
6.391681681681681	1.145218821298784
6.420445445445445	1.1456108912707212
6.449209209209209	1.1460029612426585
6.477972972972972	1.1463950312145956
6.506736736736736	1.146787101186533
6.5355005005005	1.1471791711584702
6.5642642642642635	1.1475712411304075
6.593028028028027	1.1479633111023446
6.621791791791791	1.148355381074282
6.650555555555555	1.1487474510462192
6.679319319319319	1.1491395210181565
6.708083083083082	1.1495315909900936
6.736846846846846	1.149923660962031
6.76561061061061	1.1503157309339682
6.794374374374374	1.1507078009059053
6.8231381381381375	1.1510998708778426
6.851901901901901	1.15149194084978
6.880665665665665	1.1518840108217172
6.909429429429428	1.1522760807936543
6.938193193193192	1.1526681507655916
6.966956956956956	1.152989001320402
6.99572072072072	1.1532383358170148
7.024484484484484	1.1534876703136274
7.053248248248248	1.15373700481024
7.082012012012012	1.1539863393068528
7.110775775775775	1.1542356738034654
7.1395395395395385	1.154485008300078
7.168303303303302	1.1547343427966905
7.197067067067066	1.1549836772933033
7.22583083083083	1.1552330117899159
7.254594594594594	1.1554823462865285
7.283358358358358	1.155731680783141
7.312122122122122	1.1559810152797538
7.340885885885885	1.1562303497763664
7.369649649649649	1.156479684272979
7.3984134134134125	1.1567290187695916
7.427177177177176	1.1569783532662044
7.45594094094094	1.157227687762817
7.484704704704704	1.1574770222594295
7.513468468468468	1.1577263567560423
7.542232232232231	1.1579756912526549
7.570995995995995	1.1582250257492674
7.599759759759759	1.15847436024588
7.628523523523523	1.1587236947424928
7.657287287287287	1.1589837758763832
7.6860510510510505	1.1592893155926107
7.714814814814814	1.159594855308838
7.743578578578577	1.1599003950250655
7.772342342342341	1.1602059347412927
7.801106106106105	1.1605114744575202
7.829869869869869	1.1608170141737475
7.858633633633633	1.161122553889975
7.887397397397397	1.1614280936062022
7.916161161161161	1.1617336333224297
7.944924924924924	1.162039173038657
7.9736886886886875	1.1623447127548843
8.002452452452452	1.1626502524711118
8.031216216216215	1.162955792187339
8.05997997997998	1.1632613319035665
8.088743743743743	1.1635668716197938
8.117507507507508	1.1638724113360213
8.14627127127127	1.1641779510522485
8.175035035035034	1.164483490768476
8.203798798798799	1.1647890304847033
8.232562562562562	1.1650945702009308
8.261326326326326	1.165400109917158
8.29009009009009	1.1657056496333855
8.318853853853854	1.1660111893496128
8.347617617617617	1.1663167290658403
8.376381381381382	1.1666222687820675
8.405145145145145	1.1669278084982948
8.43390890890891	1.1672361966776565
8.462672672672673	1.167548225540733
8.491436436436436	1.1678602544038093
8.5202002002002	1.1681722832668857
8.548963963963963	1.1684843121299622
8.577727727727728	1.1687963409930384
8.606491491491491	1.1691083698561149
8.635255255255256	1.1694203987191911
8.664019019019019	1.1697324275822676
8.692782782782782	1.1700444564453438
8.721546546546547	1.1703564853084203
8.75031031031031	1.1706685141714965
8.779074074074074	1.170980543034573
8.807837837837837	1.1712925718976495
8.836601601601602	1.1716046007607257
8.865365365365365	1.1719166296238022
8.894129129129128	1.1722286584868784
8.922892892892893	1.1725406873499549
8.951656656656656	1.172852716213031
8.98042042042042	1.1731647450761076
9.009184184184184	1.1734767739391838
9.037947947947949	1.1737888028022603
9.066711711711712	1.1741008316653367
9.095475475475476	1.174412860528413
9.12423923923924	1.1747248893914894
9.153003003003002	1.1750369182545657
9.181766766766767	1.1753489471176422
9.21053053053053	1.1756609759807184
9.239294294294295	1.1759730048437949
9.268058058058058	1.176285033706871
9.296821821821823	1.1765867369476966
9.325585585585586	1.1768884028459132
9.354349349349349	1.17719006874413
9.383113113113113	1.1774917346423464
9.411876876876876	1.177793400540563
9.440640640640641	1.1780950664387797
9.469404404404404	1.1783967323369962
9.498168168168169	1.1786983982352128
9.526931931931932	1.1790000641334295
9.555695695695695	1.179301730031646
9.58445945945946	1.1796033959298626
9.613223223223223	1.1799050618280793
9.641986986986987	1.180206727726296
9.67075075075075	1.1805083936245124
9.699514514514515	1.180810059522729
9.728278278278278	1.1811117254209458
9.757042042042041	1.1814133913191622
9.785805805805806	1.181715057217379
9.814569569569569	1.1820167231155956
9.843333333333334	1.182318389013812
9.872097097097097	1.1826200549120287
9.900860860860861	1.1829217208102454
9.929624624624624	1.1832233867084618
9.958388388388387	1.1835250526066785
9.987152152152152	1.1838267185048952
10.015915915915915	1.1841283844031116
10.04467967967968	1.1844300503013283
10.073443443443443	1.184731716199545
10.102207207207208	1.1850333820977614
10.13097097097097	1.185335047995978
10.159734734734734	1.1856367138941948
10.188498498498499	1.1859383797924112
10.217262262262262	1.1862256165537577
10.246026026026026	1.1865029487723584
10.27478978978979	1.1867802809909591
10.303553553553554	1.1870576132095598
10.332317317317317	1.1873349454281605
10.361081081081082	1.1876122776467612
10.389844844844845	1.1878896098653622
10.418608608608608	1.188166942083963
10.447372372372373	1.1884442743025636
10.476136136136136	1.1887216065211643
10.5048998998999	1.188998938739765
10.533663663663663	1.1892762709583657
10.562427427427428	1.1895536031769665
10.591191191191191	1.1898309353955672
10.619954954954954	1.1901082676141679
10.648718718718719	1.1903855998327686
10.677482482482482	1.1906629320513693
10.706246246246247	1.1909402642699702
10.73501001001001	1.191217596488571
10.763773773773774	1.1914949287071717
10.792537537537537	1.1917722609257724
10.8213013013013	1.192049593144373
10.850065065065065	1.1923269253629738
10.878828828828828	1.1926042575815745
10.907592592592593	1.1928815898001752
10.936356356356356	1.193158922018776
10.96512012012012	1.1934362542373766
10.993883883883884	1.1937135864559776
11.022647647647647	1.1939909186745783
11.051411411411411	1.194268250893179
11.080175175175174	1.1945455831117797
11.10893893893894	1.1948229153303804
11.137702702702702	1.1951002475489811
11.166466466466467	1.1953775797675819
11.19523023023023	1.1956549119861826
11.223993993993993	1.1959322442047833
11.252757757757758	1.1961971090132075
11.28152152152152	1.1964610486773621
11.310285285285286	1.1967249883415167
11.339049049049049	1.1969889280056714
11.367812812812813	1.197252867669826
11.396576576576576	1.1975168073339806
11.42534034034034	1.1977807469981352
11.454104104104104	1.1980446866622898
11.482867867867867	1.1983086263264444
11.511631631631632	1.198572565990599
11.540395395395395	1.1988365056547536
11.56915915915916	1.1991004453189082
11.597922922922923	1.1993643849830626
11.626686686686686	1.1996283246472172
11.65545045045045	1.1998922643113719
11.684214214214213	1.2001562039755265
11.712977977977978	1.200420143639681
11.741741741741741	1.2006840833038357
11.770505505505506	1.2009480229679903
11.799269269269269	1.201211962632145
11.828033033033034	1.2014759022962995
11.856796796796797	1.2017398419604541
11.88556056056056	1.2020037816246087
11.914324324324324	1.2022677212887634
11.943088088088087	1.2025316609529177
11.971851851851852	1.2027956006170724
12.000615615615615	1.203059540281227
12.02937937937938	1.2033234799453816
12.058143143143143	1.2035874196095362
12.086906906906906	1.2038513592736908
12.11567067067067	1.2041152989378454
12.144434434434434	1.204379238602
12.173198198198198	1.2046431782661546
12.201961961961961	1.2049071179303092
12.230725725725726	1.2051710575944639
12.25948948948949	1.2054349972586185
12.288253253253252	1.2056989369227729
12.317017017017017	1.2059628765869275
12.34578078078078	1.206226816251082
12.374544544544545	1.2064863177719503
12.403308308308308	1.2067437551356666
12.432072072072073	1.207001192499383
12.460835835835836	1.2072586298630994
12.489599599599599	1.2075160672268157
12.518363363363363	1.2077735045905322
12.547127127127126	1.2080309419542485
12.575890890890891	1.2082883793179648
12.604654654654654	1.2085458166816814
12.633418418418419	1.2088032540453977
12.662182182182182	1.2090606914091142
12.690945945945945	1.2093181287728305
12.71970970970971	1.2095755661365468
12.748473473473473	1.2098330035002633
12.777237237237237	1.2100904408639797
12.806001001001	1.210347878227696
12.834764764764765	1.2106053155914125
12.863528528528528	1.2108627529551288
12.892292292292291	1.211120190318845
12.921056056056056	1.2113776276825616
12.949819819819819	1.211635065046278
12.978583583583584	1.2118925024099942
13.007347347347347	1.2121499397737108
13.036111111111111	1.212407377137427
13.064874874874874	1.2126648145011436
13.09363863863864	1.21292225186486
13.122402402402402	1.2131796892285762
13.151166166166165	1.2134371265922927
13.17992992992993	1.213694563956009
13.208693693693693	1.2139520013197254
13.237457457457458	1.2142094386834419
13.26622122122122	1.2144668760471582
13.294984984984985	1.2147243134108745
13.323748748748748	1.214981750774591
13.352512512512511	1.2152391881383073
13.381276276276276	1.2154966255020236
13.41004004004004	1.2157540628657402
13.438803803803804	1.2160115002294565
13.467567567567567	1.216268937593173
13.496331331331332	1.2165263749568893
13.525095095095095	1.2167838123206056
13.553858858858858	1.2170412496843221
13.582622622622623	1.2172986870480385
13.611386386386386	1.2175475827349505
13.64015015015015	1.2177874879415547
13.668913913913913	1.2180273931481589
13.697677677677678	1.218267298354763
13.726441441441441	1.2185072035613675
13.755205205205204	1.2187471087679718
13.783968968968969	1.218987013974576
13.812732732732732	1.2192269191811802
13.841496496496497	1.2194668243877846
13.87026026026026	1.2197067295943889
13.899024024024024	1.219946634800993
13.927787787787787	1.2201865400075973
13.95655155155155	1.2204264452142015
13.985315315315315	1.220666350420806
14.014079079079078	1.2209062556274102
14.042842842842843	1.2211461608340144
14.071606606606606	1.2213860660406186
14.10037037037037	1.221625971247223
14.129134134134134	1.2218658764538273
14.157897897897897	1.2221057816604315
14.186661661661661	1.2223456868670357
14.215425425425424	1.2225855920736401
14.24418918918919	1.2228254972802444
14.272952952952952	1.2230654024868486
14.301716716716717	1.2233053076934528
14.33048048048048	1.2235452129000572
14.359244244244245	1.2237851181066615
14.388008008008008	1.2240250233132657
14.41677177177177	1.22426492851987
14.445535535535535	1.2245048337264741
14.474299299299298	1.2247447389330786
14.503063063063063	1.2249846441396828
14.531826826826826	1.225224549346287
14.560590590590591	1.2254644545528912
14.589354354354354	1.2257043597594957
14.618118118118117	1.2259442649660999
14.646881881881882	1.226184170172704
14.675645645645645	1.2264240753793083
14.70440940940941	1.2266639805859127
14.733173173173173	1.226903885792517
14.761936936936937	1.2271437909991212
14.7907007007007	1.2273836962057254
14.819464464464463	1.2276236014123296
14.848228228228228	1.227863506618934
14.876991991991991	1.2281034118255383
14.905755755755756	1.2283433170321425
14.934519519519519	1.2285832222387467
14.963283283283284	1.2288231274453512
14.992047047047047	1.2290309344875738
15.02081081081081	1.2292369790566655
15.049574574574574	1.229443023625757
15.078338338338337	1.2296490681948486
15.107102102102102	1.2298551127639403
15.135865865865865	1.2300611573330318
15.16462962962963	1.2302672019021235
15.193393393393393	1.2304732464712151
15.222157157157156	1.2306792910403066
15.25092092092092	1.2308853356093983
15.279684684684684	1.23109138017849
15.308448448448448	1.2312974247475814
15.337212212212211	1.231503469316673
15.365975975975976	1.2317095138857648
15.39473973973974	1.2319155584548562
15.423503503503502	1.232121603023948
15.452267267267267	1.2323276475930396
15.48103103103103	1.232533692162131
15.509794794794795	1.2327397367312227
15.538558558558558	1.2329457813003144
15.567322322322322	1.2331518258694059
15.596086086086085	1.2333578704384975
15.624849849849848	1.2335639150075892
15.653613613613613	1.2337699595766807
15.682377377377376	1.2339760041457724
15.711141141141141	1.234182048714864
15.739904904904904	1.2343880932839555
15.768668668668669	1.2345941378530472
15.797432432432432	1.2348001824221388
15.826196196196197	1.2350062269912303
15.85495995995996	1.235212271560322
15.883723723723723	1.2354183161294137
15.912487487487487	1.2356243606985051
15.94125125125125	1.2358304052675968
15.970015015015015	1.2360364498366885
15.998778778778778	1.23624249440578
16.02754254254254	1.2364485389748716
16.056306306306304	1.236654583543963
16.085070070070067	1.2368606281130547
16.113833833833834	1.2370666726821464
16.142597597597597	1.237272717251238
16.17136136136136	1.2374787618203296
16.200125125125123	1.2376848063894212
16.22888888888889	1.237890850958513
16.257652652652652	1.2380968955276044
16.286416416416415	1.238302940096696
16.315180180180178	1.2385089846657875
16.343943943943945	1.2387150292348792
16.372707707707708	1.2389210738039709
16.40147147147147	1.2391271183730623
16.430235235235234	1.239333162942154
16.458998998999	1.2395392075112457
16.487762762762763	1.2397452520803374
16.516526526526526	1.2399512966494288
16.54529029029029	1.2401573412185205
16.574054054054052	1.240363385787612
16.60281781781782	1.2405694303567036
16.63158158158158	1.2407754749257953
16.660345345345345	1.2409815194948868
16.689109109109108	1.2411875640639785
16.71787287287287	1.2413936086330701
16.746636636636637	1.2415996532021616
16.7754004004004	1.2418056977712533
16.804164164164163	1.242011742340345
16.832927927927926	1.2422177869094364
16.861691691691693	1.242423831478528
16.890455455455456	1.2426298760476198
16.91921921921922	1.2428359206167112
16.947982982982982	1.243041965185803
16.976746746746745	1.2432480097548946
17.00551051051051	1.243454054323986
17.034274274274274	1.2436600988930777
17.063038038038037	1.2438661434621694
17.0918018018018	1.2440721880312609
17.120565565565563	1.2442782326003525
17.14932932932933	1.2444842771694442
17.178093093093093	1.2446903217385357
17.206856856856856	1.2448963663076273
17.23562062062062	1.245102410876719
17.264384384384385	1.2453084554458105
17.29314814814815	1.2455145000149022
17.32191191191191	1.2457205445839938
17.350675675675674	1.2459265891530853
17.379439439439437	1.246132633722177
17.408203203203204	1.2463386782912687
17.436966966966967	1.24654472286036
17.46573073073073	1.2467507674294518
17.494494494494493	1.2469568119985435
17.523258258258256	1.247162856567635
17.552022022022022	1.2473689011367266
17.580785785785785	1.2475749457058183
17.60954954954955	1.2477809902749097
17.63831331331331	1.2479870348440014
17.667077077077078	1.248193079413093
17.69584084084084	1.2483991239821846
17.724604604604604	1.2486051685512762
17.753368368368367	1.248811213120368
17.78213213213213	1.2490172576894594
17.810895895895897	1.249223302258551
17.83965965965966	1.2494293468276427
17.868423423423422	1.2496353913967342
17.897187187187185	1.2498414359658259
17.925950950950952	1.2500474805349175
17.954714714714715	1.250253525104009
17.983478478478478	1.2504595696731007
18.01224224224224	1.2506656142421924
18.041006006006004	1.2508716588112838
18.06976976976977	1.2510777033803755
18.098533533533534	1.2512837479494672
18.127297297297297	1.2514897925185586
18.15606106106106	1.2516958370876503
18.184824824824823	1.2519018816567418
18.21358858858859	1.2521079262258334
18.242352352352352	1.2523139707949251
18.271116116116115	1.2525200153640168
18.299879879879878	1.2527260599331083
18.328643643643645	1.2529321045022
18.357407407407408	1.2531381490712916
18.38617117117117	1.253344193640383
18.414934934934934	1.2535502382094748
18.443698698698697	1.2537562827785662
18.472462462462463	1.253962327347658
18.501226226226226	1.2541683719167496
18.52998998998999	1.254374416485841
18.558753753753752	1.2545804610549327
18.587517517517515	1.2547865056240244
18.61628128128128	1.254992550193116
18.645045045045045	1.2551985947622075
18.673808808808808	1.2554046393312992
18.70257257257257	1.2556106839003907
18.731336336336337	1.2558167284694823
18.7601001001001	1.256022773038574
18.788863863863863	1.2562288176076655
18.817627627627626	1.2564348621767572
18.84639139139139	1.2566409067458488
18.875155155155156	1.2568469513149403
18.90391891891892	1.257052995884032
18.93268268268268	1.2572590404531236
18.961446446446445	1.257465085022215
18.990210210210208	1.2576711295913068
19.018973973973974	1.2578771741603985
19.047737737737737	1.25808321872949
19.0765015015015	1.2582892632985816
19.105265265265263	1.2584953078676733
19.13402902902903	1.2587013524367647
19.162792792792793	1.2589073970058564
19.191556556556556	1.259113441574948
19.22032032032032	1.2593194861440395
19.249084084084082	1.2595255307131312
19.27784784784785	1.259731575282223
19.30661161161161	1.2599376198513144
19.335375375375374	1.260143664420406
19.364139139139137	1.2603497089894977
19.392902902902904	1.2605557535585892
19.421666666666667	1.2607617981276809
19.45043043043043	1.2609678426967725
19.479194194194193	1.261173887265864
19.507957957957956	1.2613799318349557
19.536721721721722	1.2615859764040473
19.565485485485485	1.2617920209731388
19.59424924924925	1.2619980655422305
19.62301301301301	1.2622041101113222
19.651776776776774	1.2624101546804136
19.68054054054054	1.2626161992495053
19.709304304304304	1.262822243818597
19.738068068068067	1.2630282883876884
19.76683183183183	1.2632343307355958
19.795595595595596	1.263437372441159
19.82435935935936	1.2636404141467221
19.853123123123122	1.2638434558522853
19.881886886886885	1.2640464975578483
19.91065065065065	1.2642495392634114
19.939414414414415	1.2644525809689746
19.968178178178178	1.2646556226745378
19.99694194194194	1.2648586643801008
20.025705705705704	1.265061706085664
20.054469469469467	1.265264747791227
20.083233233233234	1.26546778949679
20.111996996996997	1.2656708312023532
20.14076076076076	1.2658738729079164
20.169524524524522	1.2660769146134794
20.19828828828829	1.2662799563190426
20.227052052052052	1.2664829980246057
20.255815815815815	1.266686039730169
20.284579579579578	1.2668890814357319
20.31334334334334	1.267092123141295
20.342107107107108	1.2672951648468582
20.37087087087087	1.2674982065524214
20.399634634634634	1.2677012482579844
20.428398398398397	1.2679042899635475
20.457162162162163	1.2681073316691107
20.485925925925926	1.2683103733746737
20.51468968968969	1.2685134150802369
20.543453453453452	1.2687164567858
20.572217217217215	1.2689194984913632
20.60098098098098	1.2691225401969262
20.629744744744745	1.2693255819024893
20.658508508508508	1.2695286236080525
20.68727227227227	1.2697316653136155
20.716036036036034	1.2699347070191787
20.7447997997998	1.2701377487247418
20.773563563563563	1.270340790430305
20.802327327327326	1.270543832135868
20.83109109109109	1.2707468738414311
20.859854854854856	1.2709499155469943
20.88861861861862	1.2711529572525575
20.91738238238238	1.2713559989581205
20.946146146146145	1.2715590406636836
20.974909909909908	1.2717620823692468
21.003673673673674	1.2719651240748098
21.032437437437437	1.272168165780373
21.0612012012012	1.2723712074859361
21.089964964964963	1.2725742491914993
21.118728728728726	1.2727772908970623
21.147492492492493	1.2729803326026254
21.176256256256256	1.2731833743081886
21.20502002002002	1.2733864160137516
21.23378378378378	1.2735894577193148
21.26254754754755	1.273792499424878
21.29131131131131	1.2739955411304411
21.320075075075074	1.274198582836004
21.348838838838837	1.2744016245415672
21.3776026026026	1.2746046662471304
21.406366366366367	1.2748077079526936
21.43513013013013	1.2750107496582566
21.463893893893893	1.2752137913638197
21.492657657657656	1.275416833069383
21.52142142142142	1.2756198747749459
21.550185185185185	1.275822916480509
21.57894894894895	1.2760259581860722
21.60771271271271	1.2762289998916354
21.636476476476474	1.2764320415971984
21.66524024024024	1.2766350833027615
21.694004004004004	1.2768381250083247
21.722767767767767	1.2770411667138877
21.75153153153153	1.2772442084194509
21.780295295295293	1.277467284437506
21.80905905905906	1.2776927900011552
21.837822822822822	1.2779182955648045
21.866586586586585	1.2781438011284536
21.89535035035035	1.2783693066921027
21.924114114114115	1.278594812255752
21.952877877877878	1.2788203178194013
21.98164164164164	1.2790458233830504
22.010405405405404	1.2792713289466997
22.039169169169167	1.2794968345103488
22.067932932932933	1.279722340073998
22.096696696696696	1.2799478456376472
22.12546046046046	1.2801733512012965
22.154224224224222	1.2803988567649456
22.182987987987985	1.280624362328595
22.211751751751752	1.280849867892244
22.240515515515515	1.2810753734558933
22.269279279279278	1.2813008790195424
22.29804304304304	1.2815263845831917
22.326806806806808	1.2817518901468408
22.35557057057057	1.28197739571049
22.384334334334334	1.2822029012741392
22.413098098098097	1.2824284068377885
22.44186186186186	1.2826539124014376
22.470625625625626	1.2828794179650869
22.49938938938939	1.283104923528736
22.528153153153152	1.2833304290923853
22.556916916916915	1.2835559346560343
22.585680680680678	1.2837814402196837
22.614444444444445	1.2840069457833327
22.643208208208208	1.284232451346982
22.67197197197197	1.2844579569106311
22.700735735735734	1.2846834624742804
22.7294994994995	1.2849089680379295
22.758263263263263	1.2851344736015788
22.787027027027026	1.285359979165228
22.81579079079079	1.2855854847288772
22.844554554554552	1.2858109902925263
22.87331831831832	1.2860364958561756
22.90208208208208	1.2862620014198247
22.930845845845845	1.286487506983474
22.959609609609608	1.2867130125471231
22.98837337337337	1.2869385181107724
23.017137137137137	1.2871640236744217
23.0459009009009	1.2873895292380708
23.074664664664663	1.2876150348017201
23.103428428428426	1.2878405403653692
23.132192192192193	1.2880660459290185
23.160955955955956	1.2882915514926676
23.18971971971972	1.288517057056317
23.21848348348348	1.288742562619966
23.247247247247245	1.2889680681836153
23.27601101101101	1.2891935737472644
23.304774774774774	1.2894190793109137
23.333538538538537	1.2896445848745628
23.3623023023023	1.289870090438212
23.391066066066067	1.2900955960018612
23.41982982982983	1.2903211015655105
23.448593593593593	1.2905466071291596
23.477357357357356	1.290772112692809
23.50612112112112	1.290997618256458
23.534884884884885	1.2912231238201073
23.56364864864865	1.2914486293837564
23.59241241241241	1.2916741349474057
23.621176176176174	1.2918996405110548
23.649939939939937	1.292125146074704
23.678703703703704	1.2923506516383532
23.707467467467467	1.2925761572020025
23.73623123123123	1.2928016627656516
23.764994994994993	1.2930271683293009
23.79375875875876	1.29325267389295
23.822522522522522	1.2934781794565993
23.851286286286285	1.2937036850202484
23.88005005005005	1.2939291905838977
23.90881381381381	1.2941546961475467
23.937577577577578	1.294380201711196
23.96634134134134	1.2945882988509059
23.995105105105104	1.2947929079112097
24.023868868868867	1.2949975169715136
24.05263263263263	1.2952021260318172
24.081396396396396	1.295406735092121
24.11016016016016	1.2956113441524248
24.138923923923922	1.2958159532127285
24.167687687687685	1.2960205622730323
24.196451451451452	1.2962251713333361
24.225215215215215	1.2964297803936398
24.253978978978978	1.2966343894539436
24.28274274274274	1.2968389985142474
24.311506506506504	1.297043607574551
24.34027027027027	1.297248216634855
24.369034034034033	1.2974528256951587
24.397797797797796	1.2976574347554624
24.42656156156156	1.2978620438157662
24.455325325325326	1.29806665287607
24.48408908908909	1.2982712619363737
24.512852852852852	1.2984758709966775
24.541616616616615	1.2986804800569813
24.570380380380378	1.298885089117285
24.599144144144145	1.2990896981775888
24.627907907907908	1.2992943072378926
24.65667167167167	1.2994989162981962
24.685435435435434	1.2997035253585
24.714199199199196	1.2999081344188037
24.742962962962963	1.3001127434791075
24.771726726726726	1.3003173525394114
24.80049049049049	1.300521961599715
24.829254254254252	1.3007265706600188
24.85801801801802	1.3009311797203227
24.88678178178178	1.3011357887806263
24.915545545545545	1.3013403978409301
24.944309309309308	1.301545006901234
24.97307307307307	1.3017496159615376
25.001836836836837	1.3019542250218414
25.0306006006006	1.3021588340821453
25.059364364364363	1.302363443142449
25.088128128128126	1.3025680522027527
25.11689189189189	1.3027726612630566
25.145655655655656	1.3029772703233602
25.17441941941942	1.303181879383664
25.20318318318318	1.3033864884439679
25.231946946946945	1.3035910975042715
25.26071071071071	1.3037957065645753
25.289474474474474	1.3040003156248792
25.318238238238237	1.3042049246851828
25.347002002002	1.3044095337454866
25.375765765765763	1.3046141428057905
25.40452952952953	1.304818751866094
25.433293293293293	1.305023360926398
25.462057057057056	1.3052279699867018
25.49082082082082	1.3054325790470054
25.51958458458458	1.3056371881073092
25.54834834834835	1.305841797167613
25.57711211211211	1.3060464062279167
25.605875875875874	1.3062510152882205
25.634639639639637	1.3064556243485241
25.663403403403404	1.306660233408828
25.692167167167167	1.3068648424691318
25.72093093093093	1.3070694515294354
25.749694694694693	1.3072740605897393
25.778458458458456	1.3074786696500431
25.807222222222222	1.3076832787103467
25.835985985985985	1.3078878877706506
25.86474974974975	1.3080924968309544
25.89351351351351	1.308297105891258
25.922277277277278	1.3085017149515619
25.95104104104104	1.3087063240118657
25.979804804804804	1.3089109330721693
26.008568568568567	1.3091155421324732
26.03733233233233	1.309320151192777
26.066096096096096	1.3095247602530806
26.09485985985986	1.3097293693133845
26.123623623623622	1.3099339783736883
26.152387387387385	1.310138587433992
26.18115115115115	1.3103431964942958
26.209914914914915	1.3105478055545996
26.238678678678678	1.3107524146149032
26.26744244244244	1.310957023675207
26.296206206206204	1.311161632735511
26.32496996996997	1.3113662417958145
26.353733733733733	1.311571953926874
26.382497497497496	1.3117853504907107
26.41126126126126	1.3119987470545476
26.440025025025022	1.3122121436183845
26.46878878878879	1.3124255401822214
26.497552552552552	1.312638936746058
26.526316316316315	1.312852333309895
26.555080080080078	1.3130657298737318
26.58384384384384	1.3132791264375687
26.612607607607607	1.3134925230014054
26.64137137137137	1.3137059195652423
26.670135135135133	1.3139193161290792
26.698898898898896	1.314132712692916
26.727662662662663	1.3143461092567528
26.756426426426426	1.3145595058205897
26.78519019019019	1.3147729023844266
26.813953953953952	1.3149862989482635
26.842717717717715	1.3151996955121001
26.87148148148148	1.315413092075937
26.900245245245245	1.315626488639774
26.929009009009008	1.3158398852036108
26.95777277277277	1.3160532817674475
26.986536536536534	1.3162666783312844
27.0153003003003	1.3164800748951213
27.044064064064063	1.316693471458958
27.072827827827826	1.3169068680227949
27.10159159159159	1.3171202645866318
27.130355355355356	1.3173336611504687
27.15911911911912	1.3175470577143054
27.18788288288288	1.3177604542781423
27.216646646646645	1.3179738508419792
27.245410410410408	1.318187247405816
27.274174174174174	1.3184006439696527
27.302937937937937	1.3186140405334896
27.3317017017017	1.3188274370973265
27.360465465465463	1.3190408336611634
27.38922922922923	1.319254230225
27.417992992992993	1.319467626788837
27.446756756756756	1.319681023352674
27.47552052052052	1.3198944199165108
27.50428428428428	1.3201078164803475
27.533048048048048	1.3203212130441844
27.56181181181181	1.3205346096080213
27.590575575575574	1.3207480061718582
27.619339339339337	1.3209614027356948
27.6481031031031	1.3211747992995317
27.676866866866867	1.3213881958633686
27.70563063063063	1.3216015924272055
27.734394394394393	1.3218149889910422
27.763158158158156	1.3220283855548791
27.791921921921922	1.322241782118716
27.820685685685685	1.322455178682553
27.84944944944945	1.3226685752463896
27.87821321321321	1.3228819718102265
27.906976976976974	1.3230953683740634
27.93574074074074	1.3233087649379003
27.964504504504504	1.323522161501737
27.993268268268267	1.3237355580655739
28.02203203203203	1.3239489546294108
28.050795795795793	1.3241623511932474
28.07955955955956	1.3243757477570843
28.108323323323322	1.3245891443209212
28.137087087087085	1.3248025408847581
28.16585085085085	1.3250159374485948
28.194614614614615	1.3252293340124317
28.223378378378378	1.3254427305762686
28.25214214214214	1.3256561271401055
28.280905905905904	1.3258695237039422
28.309669669669667	1.326082920267779
28.338433433433433	1.326296316831616
28.367197197197196	1.3265097133954529
28.39596096096096	1.3267231099592895
28.424724724724722	1.3269365065231264
28.45348848848849	1.3271499030869633
28.482252252252252	1.3273632996508002
28.511016016016015	1.327576696214637
28.539779779779778	1.3277900927784738
28.56854354354354	1.3280034893423107
28.597307307307307	1.3282168859061476
28.62607107107107	1.3284302824699843
28.654834834834833	1.3286436790338212
28.683598598598596	1.328857075597658
28.71236236236236	1.3290704721614948
28.741126126126126	1.3292838687253317
28.76988988988989	1.3294972652891686
28.798653653653652	1.3297106618530055
28.827417417417415	1.3299240584168421
28.85618118118118	1.330137454980679
28.884944944944944	1.330350851544516
28.913708708708707	1.3305642481083528
28.94247247247247	1.3307776446721895
28.971236236236233	1.3309910412360264
29.0	1.3312044377998633
