0.265	1.4892271018856293
0.2937637637637638	1.4953943811802568
0.32252752752752756	1.506728149566647
0.35129129129129133	1.5283250421835177
0.38005505505505505	1.507375140202314
0.4088188188188188	1.4859262237930446
0.4375825825825826	1.4656201473931312
0.4663463463463463	1.445314070993218
0.4951101101101101	1.4250079945933045
0.5238738738738739	1.404651032108325
0.5526376376376376	1.3825941966297488
0.5814014014014014	1.3620667570781744
0.6101651651651652	1.3476410391961937
0.6389289289289289	1.3343020746860732
0.6676926926926927	1.3256609670500694
0.6964564564564564	1.3170198594140659
0.7252202202202203	1.3198081377594584
0.7539839839839839	1.3229143707807303
0.7827477477477477	1.330528936613354
0.8115115115115115	1.3420579458897266
0.8402752752752752	1.3535869551660993
0.869039039039039	1.3666741958761648
0.8978028028028028	1.380031186287016
0.9265665665665666	1.3933881766978673
0.9553303303303303	1.4014645261144514
0.9840940940940941	1.4089529339236369
1.012857857857858	1.416441341732822
1.0416216216216214	1.422124353337685
1.0703853853853853	1.4268363835690112
1.0991491491491492	1.4315484138003371
1.1279129129129128	1.4360099410110103
1.1566766766766765	1.4373339478778018
1.1854404404404404	1.4386579547445935
1.2142042042042043	1.4399819616113851
1.242967967967968	1.4408550280946346
1.2717317317317316	1.4389102724012324
1.3004954954954955	1.4369655167078303
1.3292592592592594	1.435020761014428
1.3580230230230228	1.4330760053210259
1.3867867867867867	1.430366802544641
1.4155505505505506	1.4274737806654267
1.4443143143143145	1.4245807587862125
1.473078078078078	1.4216877369069982
1.5018418418418418	1.4188611902794723
1.5306056056056057	1.4176846984880125
1.559369369369369	1.4165082066965529
1.588133133133133	1.415331714905093
1.6168968968968969	1.4141552231136334
1.6456606606606607	1.4129787313221736
1.6744244244244242	1.4121554510650451
1.703188188188188	1.4114250074070573
1.731951951951952	1.4106945637490695
1.7607157157157158	1.409964120091082
1.7894794794794793	1.4092336764330942
1.8182432432432432	1.4085041034435848
1.847007007007007	1.4078237986577222
1.8757707707707705	1.4071434938718597
1.9045345345345344	1.406463189085997
1.9332982982982982	1.4057828843001345
1.9620620620620621	1.405102579514272
1.9908258258258256	1.4044222747284096
2.0195895895895895	1.4039299250255237
2.0483533533533533	1.403533474370671
2.077117117117117	1.4031370237158185
2.1058808808808807	1.402740573060966
2.1346446446446445	1.4023441224061133
2.1634084084084084	1.401947671751261
2.192172172172172	1.4015512210964083
2.2209359359359357	1.4013724365022022
2.2496996996996996	1.4013019131776632
2.2784634634634635	1.401231389853124
2.3072272272272274	1.4011608665285848
2.335990990990991	1.4010903432040456
2.3647547547547547	1.4010198198795065
2.3935185185185186	1.4009492965549675
2.422282282282282	1.4008787732304282
2.451046046046046	1.400904356511781
2.47980980980981	1.4009328977428208
2.5085735735735737	1.4009614389738607
2.537337337337337	1.4009899802049006
2.566101101101101	1.4010185214359405
2.594864864864865	1.4010470626669804
2.623628628628629	1.4010756038980203
2.652392392392392	1.4011041451290602
2.681156156156156	1.4012575876552116
2.70991991991992	1.4015367664509786
2.7386836836836834	1.4018159452467454
2.7674474474474473	1.4020951240425121
2.796211211211211	1.402374302838279
2.824974974974975	1.4026534816340457
2.8537387387387385	1.4029326604298127
2.8825025025025024	1.4032118392255795
2.9112662662662663	1.4034910180213462
2.94003003003003	1.4036871881697612
2.9687937937937936	1.4034908569624216
2.9975575575575575	1.4032945257550817
3.0263213213213214	1.4030981945477419
3.055085085085085	1.4029018633404022
3.0838488488488487	1.4027055321330624
3.1126126126126126	1.4025092009257225
3.1413763763763765	1.4023128697183829
3.17014014014014	1.402116538511043
3.198903903903904	1.4019202073037031
3.2276676676676677	1.4017238760963635
3.2564314314314315	1.4010648135249784
3.285195195195195	1.4003617484964788
3.313958958958959	1.3996586834679792
3.3427227227227228	1.3989556184394798
3.371486486486486	1.3982525534109802
3.40025025025025	1.3975494883824806
3.429014014014014	1.396846423353981
3.457777777777778	1.3961433583254816
3.4865415415415413	1.395440293296982
3.515305305305305	1.3947372282684825
3.544069069069069	1.3940341632399829
3.572832832832833	1.3930350839222858
3.6015965965965964	1.391854447501692
3.6303603603603603	1.390673811081098
3.659124124124124	1.3894931746605044
3.6878878878878876	1.3883125382399104
3.7166516516516515	1.3871319018193167
3.7454154154154153	1.385951265398723
3.7741791791791792	1.384770628978129
3.8029429429429427	1.3835899925575352
3.8317067067067065	1.3824093561369413
3.8604704704704704	1.3812287197163475
3.8892342342342343	1.3800480832957536
3.9179979979979978	1.3788492464801918
3.9467617617617616	1.3775732184228804
3.9755255255255255	1.376297190365569
4.0042892892892885	1.3750211623082578
4.033053053053052	1.3737451342509464
4.061816816816816	1.372469106193635
4.09058058058058	1.3711930781363235
4.119344344344344	1.3699170500790123
4.148108108108108	1.368641022021701
4.176871871871872	1.3673649939643895
4.205635635635636	1.366088965907078
4.234399399399399	1.3648129378497669
4.263163163163163	1.3635369097924555
4.2919269269269265	1.362260881735144
4.32069069069069	1.360862902912267
4.349454454454454	1.359348617873284
4.378218218218217	1.3578343328343014
4.406981981981981	1.3563200477953186
4.435745745745745	1.3548057627563357
4.464509509509509	1.353291477717353
4.493273273273273	1.3517771926783702
4.522037037037037	1.3502629076393873
4.5508008008008005	1.3487486226004046
4.5795645645645635	1.3472343375614217
4.608328328328327	1.3457200525224389
4.637092092092091	1.3442057674834562
4.665855855855855	1.3426914824444733
4.694619619619619	1.3411771974054905
4.723383383383383	1.3396629123665078
4.752147147147147	1.3384085220791861
4.780910910910911	1.3374625828083537
4.809674674674674	1.3365166435375215
4.838438438438438	1.3355707042666891
4.8672022022022015	1.3346247649958567
4.895965965965965	1.3336788257250245
4.924729729729729	1.332732886454192
4.953493493493493	1.3317869471833597
4.982257257257257	1.3308410079125275
5.01102102102102	1.329895068641695
5.039784784784784	1.3289491293708626
5.068548548548548	1.3280031901000304
5.097312312312312	1.327057250829198
5.1260760760760755	1.3261113115583656
5.154839839839839	1.3251653722875334
5.183603603603603	1.324219433016701
5.212367367367366	1.3232734937458686
5.24113113113113	1.3228555550955585
5.269894894894894	1.3225036951168296
5.298658658658658	1.3221518351381008
5.327422422422422	1.321799975159372
5.356186186186186	1.3214481151806432
5.38494994994995	1.3210962552019145
5.4137137137137135	1.3207443952231857
5.4424774774774765	1.320392535244457
5.47124124124124	1.320040675265728
5.500005005005004	1.3196888152869994
5.528768768768768	1.3193369553082706
5.557532532532532	1.318985095329542
5.586296296296296	1.318633235350813
5.61506006006006	1.3182813753720841
5.643823823823823	1.3179295153933555
5.672587587587587	1.3175776554146266
5.7013513513513505	1.317225795435898
5.730115115115114	1.316873935457169
5.758878878878878	1.3167682585212002
5.787642642642642	1.3167927895211107
5.816406406406406	1.3168173205210212
5.845170170170169	1.3168418515209315
5.873933933933933	1.316866382520842
5.902697697697697	1.3168909135207525
5.931461461461461	1.316915444520663
5.960225225225225	1.3169399755205735
5.9889889889889885	1.316964506520484
6.017752752752752	1.3169890375203943
6.046516516516516	1.3170135685203048
6.075280280280279	1.3170380995202153
6.104044044044043	1.3170626305201258
6.132807807807807	1.3170871615200364
6.161571571571571	1.3171116925199469
6.190335335335335	1.3171362235198574
6.219099099099099	1.3171607545197677
6.2478628628628625	1.3171852855196782
6.2766266266266255	1.3172098165195887
6.305390390390389	1.3172343475194992
6.334154154154153	1.3172949904313724
6.362917917917917	1.3173811884449034
6.391681681681681	1.3174673864584343
6.420445445445445	1.3175535844719655
6.449209209209209	1.3176397824854964
6.477972972972972	1.3177259804990273
6.506736736736736	1.3178121785125583
6.5355005005005	1.3178983765260892
6.5642642642642635	1.3179845745396204
6.593028028028027	1.3180707725531513
6.621791791791791	1.3181569705666822
6.650555555555555	1.3182431685802132
6.679319319319319	1.3183293665937441
6.708083083083082	1.3184155646072753
6.736846846846846	1.3185017626208062
6.76561061061061	1.3185879606343371
6.794374374374374	1.318674158647868
6.8231381381381375	1.318760356661399
6.851901901901901	1.3188465546749302
6.880665665665665	1.318932752688461
6.909429429429428	1.319018950701992
6.938193193193192	1.319105148715523
6.966956956956956	1.3192297467022187
6.99572072072072	1.3193929046045447
7.024484484484484	1.3195560625068707
7.053248248248248	1.3197192204091968
7.082012012012012	1.3198823783115228
7.110775775775775	1.320045536213849
7.1395395395395385	1.320208694116175
7.168303303303302	1.320371852018501
7.197067067067066	1.320535009920827
7.22583083083083	1.320698167823153
7.254594594594594	1.320861325725479
7.283358358358358	1.3210244836278051
7.312122122122122	1.3211876415301311
7.340885885885885	1.3213507994324571
7.369649649649649	1.3215139573347832
7.3984134134134125	1.3216771152371092
7.427177177177176	1.3218402731394352
7.45594094094094	1.3220034310417612
7.484704704704704	1.3221665889440872
7.513468468468468	1.3223297468464132
7.542232232232231	1.3224929047487393
7.570995995995995	1.3226560626510653
7.599759759759759	1.3228192205533913
7.628523523523523	1.3229823784557175
7.657287287287287	1.3231178713060008
7.6860510510510505	1.3231363401967318
7.714814814814814	1.323154809087463
7.743578578578577	1.323173277978194
7.772342342342341	1.3231917468689252
7.801106106106105	1.3232102157596561
7.829869869869869	1.3232286846503871
7.858633633633633	1.3232471535411183
7.887397397397397	1.3232656224318493
7.916161161161161	1.3232840913225805
7.944924924924924	1.3233025602133115
7.9736886886886875	1.3233210291040427
8.002452452452452	1.3233394979947737
8.031216216216215	1.3233579668855047
8.05997997997998	1.3233764357762359
8.088743743743743	1.3233949046669669
8.117507507507508	1.323413373557698
8.14627127127127	1.323431842448429
8.175035035035034	1.32345031133916
8.203798798798799	1.3234687802298912
8.232562562562562	1.3234872491206222
8.261326326326326	1.3235057180113534
8.29009009009009	1.3235241869020844
8.318853853853854	1.3235426557928156
8.347617617617617	1.3235611246835466
8.376381381381382	1.3235795935742776
8.405145145145145	1.3235980624650088
8.43390890890891	1.3235365119153446
8.462672672672673	1.323372686749594
8.491436436436436	1.3232088615838433
8.5202002002002	1.3230450364180926
8.548963963963963	1.322881211252342
8.577727727727728	1.3227173860865913
8.606491491491491	1.3225535609208405
8.635255255255256	1.32238973575509
8.664019019019019	1.3222259105893392
8.692782782782782	1.3220620854235885
8.721546546546547	1.321898260257838
8.75031031031031	1.3217344350920872
8.779074074074074	1.3215706099263365
8.807837837837837	1.321406784760586
8.836601601601602	1.3212429595948352
8.865365365365365	1.3210791344290846
8.894129129129128	1.320915309263334
8.922892892892893	1.3207514840975831
8.951656656656656	1.3205876589318326
8.98042042042042	1.3204238337660819
9.009184184184184	1.320260008600331
9.037947947947949	1.3200961834345806
9.066711711711712	1.3199323582688298
9.095475475475476	1.319768533103079
9.12423923923924	1.3196047079373285
9.153003003003002	1.3194408827715778
9.181766766766767	1.319277057605827
9.21053053053053	1.3191132324400765
9.239294294294295	1.3189494072743257
9.268058058058058	1.318785582108575
9.296821821821823	1.3185162838680344
9.325585585585586	1.31824660418416
9.354349349349349	1.317976924500286
9.383113113113113	1.3177072448164118
9.411876876876876	1.3174375651325374
9.440640640640641	1.3171678854486633
9.469404404404404	1.316898205764789
9.498168168168169	1.3166285260809147
9.526931931931932	1.3163588463970406
9.555695695695695	1.3160891667131662
9.58445945945946	1.315819487029292
9.613223223223223	1.315549807345418
9.641986986986987	1.3152801276615436
9.67075075075075	1.3150104479776694
9.699514514514515	1.314740768293795
9.728278278278278	1.314471088609921
9.757042042042041	1.3142014089260468
9.785805805805806	1.3139317292421724
9.814569569569569	1.3136620495582982
9.843333333333334	1.3133923698744239
9.872097097097097	1.3131226901905497
9.900860860860861	1.3128530105066756
9.929624624624624	1.3125833308228012
9.958388388388387	1.312313651138927
9.987152152152152	1.312043971455053
10.015915915915915	1.3117742917711785
10.04467967967968	1.3115046120873044
10.073443443443443	1.31123493240343
10.102207207207208	1.3109652527195559
10.13097097097097	1.3106955730356817
10.159734734734734	1.3104258933518074
10.188498498498499	1.3101562136679332
10.217262262262262	1.309879351217413
10.246026026026026	1.3095975583251123
10.27478978978979	1.3093157654328118
10.303553553553554	1.3090339725405111
10.332317317317317	1.3087521796482104
10.361081081081082	1.30847038675591
10.389844844844845	1.3081885938636093
10.418608608608608	1.3079068009713088
10.447372372372373	1.3076250080790082
10.476136136136136	1.3073432151867077
10.5048998998999	1.307061422294407
10.533663663663663	1.3067796294021066
10.562427427427428	1.3064978365098059
10.591191191191191	1.3062160436175054
10.619954954954954	1.3059342507252047
10.648718718718719	1.305652457832904
10.677482482482482	1.3053706649406036
10.706246246246247	1.305088872048303
10.73501001001001	1.3048070791560025
10.763773773773774	1.3045252862637018
10.792537537537537	1.3042434933714013
10.8213013013013	1.3039617004791006
10.850065065065065	1.3036799075868002
10.878828828828828	1.3033981146944995
10.907592592592593	1.303116321802199
10.936356356356356	1.3028345289098984
10.96512012012012	1.302552736017598
10.993883883883884	1.3022709431252972
11.022647647647647	1.3019891502329968
11.051411411411411	1.301707357340696
11.080175175175174	1.3014255644483954
11.10893893893894	1.301143771556095
11.137702702702702	1.3008619786637943
11.166466466466467	1.3005801857714938
11.19523023023023	1.3002983928791931
11.223993993993993	1.3000165999868927
11.252757757757758	1.2997335783849129
11.28152152152152	1.299450465606522
11.310285285285286	1.299167352828131
11.339049049049049	1.29888424004974
11.367812812812813	1.298601127271349
11.396576576576576	1.298318014492958
11.42534034034034	1.298034901714567
11.454104104104104	1.2977517889361758
11.482867867867867	1.297468676157785
11.511631631631632	1.2971855633793938
11.540395395395395	1.296902450601003
11.56915915915916	1.2966193378226119
11.597922922922923	1.296336225044221
11.626686686686686	1.2960531122658299
11.65545045045045	1.295769999487439
11.684214214214213	1.2954868867090479
11.712977977977978	1.2952037739306568
11.741741741741741	1.294920661152266
11.770505505505506	1.2946375483738748
11.799269269269269	1.294354435595484
11.828033033033034	1.2940713228170928
11.856796796796797	1.293788210038702
11.88556056056056	1.2935050972603108
11.914324324324324	1.29322198448192
11.943088088088087	1.2929388717035288
11.971851851851852	1.2926557589251377
12.000615615615615	1.2923726461467469
12.02937937937938	1.2920895333683557
12.058143143143143	1.2918064205899649
12.086906906906906	1.2915233078115738
12.11567067067067	1.2912401950331829
12.144434434434434	1.2909570822547918
12.173198198198198	1.290673969476401
12.201961961961961	1.2903908566980098
12.230725725725726	1.2901077439196187
12.25948948948949	1.2898246311412278
12.288253253253252	1.2895415183628367
12.317017017017017	1.2892584055844458
12.34578078078078	1.2889752928060547
12.374544544544545	1.2886616422229795
12.403308308308308	1.2883337886672046
12.432072072072073	1.2880059351114297
12.460835835835836	1.2876780815556548
12.489599599599599	1.2873502279998796
12.518363363363363	1.2870223744441047
12.547127127127126	1.2866945208883298
12.575890890890891	1.2863666673325547
12.604654654654654	1.2860388137767798
12.633418418418419	1.2857109602210048
12.662182182182182	1.28538310666523
12.690945945945945	1.285055253109455
12.71970970970971	1.2847273995536799
12.748473473473473	1.284399545997905
12.777237237237237	1.28407169244213
12.806001001001	1.283743838886355
12.834764764764765	1.28341598533058
12.863528528528528	1.283088131774805
12.892292292292291	1.2827602782190302
12.921056056056056	1.282432424663255
12.949819819819819	1.28210457110748
12.978583583583584	1.2817767175517052
13.007347347347347	1.2814488639959303
13.036111111111111	1.2811210104401551
13.064874874874874	1.2807931568843802
13.09363863863864	1.2804653033286053
13.122402402402402	1.2801374497728304
13.151166166166165	1.2798095962170553
13.17992992992993	1.2794817426612803
13.208693693693693	1.2791538891055054
13.237457457457458	1.2788260355497305
13.26622122122122	1.2784981819939554
13.294984984984985	1.2781703284381805
13.323748748748748	1.2778424748824055
13.352512512512511	1.2775146213266306
13.381276276276276	1.2771867677708555
13.41004004004004	1.2768589142150806
13.438803803803804	1.2765310606593057
13.467567567567567	1.2762032071035307
13.496331331331332	1.2758753535477556
13.525095095095095	1.2755474999919807
13.553858858858858	1.2752196464362058
13.582622622622623	1.2748917928804309
13.611386386386386	1.2745532541252793
13.64015015015015	1.2742034687405988
13.668913913913913	1.2738536833559184
13.697677677677678	1.2735038979712379
13.726441441441441	1.2731541125865573
13.755205205205204	1.2728043272018768
13.783968968968969	1.2724545418171964
13.812732732732732	1.2721047564325159
13.841496496496497	1.2717549710478353
13.87026026026026	1.2714051856631547
13.899024024024024	1.2710554002784742
13.927787787787787	1.2707056148937939
13.95655155155155	1.2703558295091133
13.985315315315315	1.2700060441244327
14.014079079079078	1.2696562587397522
14.042842842842843	1.2693064733550719
14.071606606606606	1.2689566879703913
14.10037037037037	1.2686069025857107
14.129134134134134	1.2682571172010302
14.157897897897897	1.2679073318163496
14.186661661661661	1.2675575464316693
14.215425425425424	1.2672077610469887
14.24418918918919	1.2668579756623082
14.272952952952952	1.2665081902776276
14.301716716716717	1.266158404892947
14.33048048048048	1.2658086195082667
14.359244244244245	1.2654588341235862
14.388008008008008	1.2651090487389056
14.41677177177177	1.264759263354225
14.445535535535535	1.2644094779695447
14.474299299299298	1.2640596925848642
14.503063063063063	1.2637099072001836
14.531826826826826	1.263360121815503
14.560590590590591	1.2630103364308225
14.589354354354354	1.2626605510461422
14.618118118118117	1.2623107656614616
14.646881881881882	1.261960980276781
14.675645645645645	1.2616111948921005
14.70440940940941	1.26126140950742
14.733173173173173	1.2609116241227396
14.761936936936937	1.260561838738059
14.7907007007007	1.2602120533533785
14.819464464464463	1.259862267968698
14.848228228228228	1.2595124825840176
14.876991991991991	1.259162697199337
14.905755755755756	1.2588129118146565
14.934519519519519	1.258463126429976
14.963283283283284	1.2581133410452954
14.992047047047047	1.2577405556729564
15.02081081081081	1.257366507397861
15.049574574574574	1.2569924591227657
15.078338338338337	1.2566184108476703
15.107102102102102	1.256244362572575
15.135865865865865	1.2558703142974796
15.16462962962963	1.2554962660223843
15.193393393393393	1.255122217747289
15.222157157157156	1.2547481694721938
15.25092092092092	1.2543741211970985
15.279684684684684	1.254000072922003
15.308448448448448	1.2536260246469078
15.337212212212211	1.2532519763718124
15.365975975975976	1.252877928096717
15.39473973973974	1.2525038798216217
15.423503503503502	1.2521298315465264
15.452267267267267	1.251755783271431
15.48103103103103	1.2513817349963359
15.509794794794795	1.2510076867212405
15.538558558558558	1.2506336384461452
15.567322322322322	1.2502595901710498
15.596086086086085	1.2498855418959545
15.624849849849848	1.2495114936208591
15.653613613613613	1.2491374453457638
15.682377377377376	1.2487633970706684
15.711141141141141	1.248389348795573
15.739904904904904	1.248015300520478
15.768668668668669	1.2476412522453826
15.797432432432432	1.2472672039702872
15.826196196196197	1.2468931556951919
15.85495995995996	1.2465191074200965
15.883723723723723	1.2461450591450012
15.912487487487487	1.2457710108699058
15.94125125125125	1.2453969625948105
15.970015015015015	1.2450229143197151
15.998778778778778	1.24464886604462
16.02754254254254	1.2442748177695246
16.056306306306304	1.2439007694944293
16.085070070070067	1.243526721219334
16.113833833833834	1.2431526729442386
16.142597597597597	1.2427786246691432
16.17136136136136	1.2424045763940479
16.200125125125123	1.2420305281189525
16.22888888888889	1.2416564798438572
16.257652652652652	1.241282431568762
16.286416416416415	1.2409083832936667
16.315180180180178	1.2405343350185714
16.343943943943945	1.240160286743476
16.372707707707708	1.2397862384683807
16.40147147147147	1.2394121901932853
16.430235235235234	1.23903814191819
16.458998998999	1.2386640936430946
16.487762762762763	1.2382900453679992
16.516526526526526	1.2379159970929041
16.54529029029029	1.2375419488178088
16.574054054054052	1.2371679005427134
16.60281781781782	1.236793852267618
16.63158158158158	1.2364198039925227
16.660345345345345	1.2360457557174274
16.689109109109108	1.235671707442332
16.71787287287287	1.2352976591672367
16.746636636636637	1.2349236108921413
16.7754004004004	1.2345495626170462
16.804164164164163	1.2341755143419508
16.832927927927926	1.2338014660668555
16.861691691691693	1.2334274177917601
16.890455455455456	1.2330533695166648
16.91921921921922	1.2326793212415694
16.947982982982982	1.232305272966474
16.976746746746745	1.2319312246913787
17.00551051051051	1.2315571764162834
17.034274274274274	1.2311831281411882
17.063038038038037	1.230809079866093
17.0918018018018	1.2304350315909975
17.120565565565563	1.2300609833159022
17.14932932932933	1.2296869350408068
17.178093093093093	1.2293128867657115
17.206856856856856	1.2289388384906161
17.23562062062062	1.2285647902155208
17.264384384384385	1.2281907419404254
17.29314814814815	1.2278166936653303
17.32191191191191	1.227442645390235
17.350675675675674	1.2270685971151396
17.379439439439437	1.2266945488400443
17.408203203203204	1.226320500564949
17.436966966966967	1.2259464522898535
17.46573073073073	1.2255724040147582
17.494494494494493	1.2251983557396628
17.523258258258256	1.2248243074645677
17.552022022022022	1.2244502591894724
17.580785785785785	1.224076210914377
17.60954954954955	1.2237021626392817
17.63831331331331	1.2233281143641863
17.667077077077078	1.222954066089091
17.69584084084084	1.2225800178139956
17.724604604604604	1.2222059695389003
17.753368368368367	1.2218319212638051
17.78213213213213	1.2214578729887098
17.810895895895897	1.2210838247136144
17.83965965965966	1.220709776438519
17.868423423423422	1.2203357281634237
17.897187187187185	1.2199616798883284
17.925950950950952	1.219587631613233
17.954714714714715	1.2192135833381377
17.983478478478478	1.2188395350630423
18.01224224224224	1.218465486787947
18.041006006006004	1.2180914385128518
18.06976976976977	1.2177173902377565
18.098533533533534	1.2173433419626611
18.127297297297297	1.2169692936875658
18.15606106106106	1.2165952454124704
18.184824824824823	1.216221197137375
18.21358858858859	1.2158471488622797
18.242352352352352	1.2154731005871844
18.271116116116115	1.2150990523120893
18.299879879879878	1.214725004036994
18.328643643643645	1.2143509557618986
18.357407407407408	1.2139769074868032
18.38617117117117	1.2136028592117079
18.414934934934934	1.2132288109366125
18.443698698698697	1.2128547626615171
18.472462462462463	1.2124807143864218
18.501226226226226	1.2121066661113264
18.52998998998999	1.2117326178362313
18.558753753753752	1.211358569561136
18.587517517517515	1.2109845212860406
18.61628128128128	1.2106104730109453
18.645045045045045	1.21023642473585
18.673808808808808	1.2098623764607546
18.70257257257257	1.2094883281856592
18.731336336336337	1.2091142799105639
18.7601001001001	1.2087402316354685
18.788863863863863	1.2083661833603734
18.817627627627626	1.207992135085278
18.84639139139139	1.2076180868101827
18.875155155155156	1.2072440385350873
18.90391891891892	1.206869990259992
18.93268268268268	1.2064959419848966
18.961446446446445	1.2061218937098013
18.990210210210208	1.205747845434706
19.018973973973974	1.2053737971596106
19.047737737737737	1.2049997488845154
19.0765015015015	1.20462570060942
19.105265265265263	1.2042516523343247
19.13402902902903	1.2038776040592294
19.162792792792793	1.203503555784134
19.191556556556556	1.2031295075090387
19.22032032032032	1.2027554592339433
19.249084084084082	1.202381410958848
19.27784784784785	1.2020073626837526
19.30661161161161	1.2016333144086575
19.335375375375374	1.2012592661335622
19.364139139139137	1.2008852178584668
19.392902902902904	1.2005111695833715
19.421666666666667	1.200137121308276
19.45043043043043	1.1997630730331807
19.479194194194193	1.1993890247580854
19.507957957957956	1.19901497648299
19.536721721721722	1.1986409282078947
19.565485485485485	1.1982668799327996
19.59424924924925	1.1978928316577042
19.62301301301301	1.1975187833826089
19.651776776776774	1.1971447351075135
19.68054054054054	1.1967706868324182
19.709304304304304	1.1963966385573228
19.738068068068067	1.1960225902822275
19.76683183183183	1.1956484101397507
19.795595595595596	1.195096087706045
19.82435935935936	1.1945437652723394
19.853123123123122	1.1939914428386338
19.881886886886885	1.1934391204049284
19.91065065065065	1.1928867979712228
19.939414414414415	1.1923344755375171
19.968178178178178	1.1917821531038115
19.99694194194194	1.1912298306701061
20.025705705705704	1.1906775082364005
20.054469469469467	1.1901251858026949
20.083233233233234	1.1895728633689893
20.111996996996997	1.1890205409352839
20.14076076076076	1.1884682185015782
20.169524524524522	1.1879158960678726
20.19828828828829	1.187363573634167
20.227052052052052	1.1868112512004616
20.255815815815815	1.186258928766756
20.284579579579578	1.1857066063330504
20.31334334334334	1.1851542838993447
20.342107107107108	1.1846019614656393
20.37087087087087	1.1840496390319337
20.399634634634634	1.183497316598228
20.428398398398397	1.1829449941645225
20.457162162162163	1.182392671730817
20.485925925925926	1.1818403492971115
20.51468968968969	1.1812880268634058
20.543453453453452	1.1807357044297002
20.572217217217215	1.1801833819959948
20.60098098098098	1.1796310595622892
20.629744744744745	1.1790787371285836
20.658508508508508	1.178526414694878
20.68727227227227	1.1779740922611726
20.716036036036034	1.177421769827467
20.7447997997998	1.1768694473937613
20.773563563563563	1.1763171249600557
20.802327327327326	1.1757648025263503
20.83109109109109	1.1752124800926447
20.859854854854856	1.174660157658939
20.88861861861862	1.1741078352252334
20.91738238238238	1.173555512791528
20.946146146146145	1.1730031903578224
20.974909909909908	1.1724508679241168
21.003673673673674	1.1718985454904112
21.032437437437437	1.1713462230567058
21.0612012012012	1.1707939006230001
21.089964964964963	1.1702415781892945
21.118728728728726	1.1696892557555891
21.147492492492493	1.1691369333218835
21.176256256256256	1.1685846108881779
21.20502002002002	1.1680322884544723
21.23378378378378	1.1674799660207669
21.26254754754755	1.1669276435870612
21.29131131131131	1.1663753211533556
21.320075075075074	1.16582299871965
21.348838838838837	1.1652706762859446
21.3776026026026	1.164718353852239
21.406366366366367	1.1641660314185334
21.43513013013013	1.1636137089848277
21.463893893893893	1.1630613865511223
21.492657657657656	1.1625090641174167
21.52142142142142	1.161956741683711
21.550185185185185	1.1614044192500055
21.57894894894895	1.1608520968163
21.60771271271271	1.1602997743825945
21.636476476476474	1.1597474519488888
21.66524024024024	1.1591951295151832
21.694004004004004	1.1586428070814778
21.722767767767767	1.1580904846477722
21.75153153153153	1.1575381622140666
21.780295295295293	1.157330809928247
21.80905905905906	1.1571652919056807
21.837822822822822	1.1569997738831144
21.866586586586585	1.156834255860548
21.89535035035035	1.1566687378379814
21.924114114114115	1.156503219815415
21.952877877877878	1.1563377017928487
21.98164164164164	1.1561721837702823
22.010405405405404	1.156006665747716
22.039169169169167	1.1558411477251493
22.067932932932933	1.155675629702583
22.096696696696696	1.1555101116800166
22.12546046046046	1.1553445936574502
22.154224224224222	1.1551790756348836
22.182987987987985	1.1550135576123173
22.211751751751752	1.154848039589751
22.240515515515515	1.1546825215671845
22.269279279279278	1.1545170035446182
22.29804304304304	1.1543514855220516
22.326806806806808	1.1541859674994852
22.35557057057057	1.1540204494769188
22.384334334334334	1.1538549314543525
22.413098098098097	1.1536894134317859
22.44186186186186	1.1535238954092195
22.470625625625626	1.1533583773866531
22.49938938938939	1.1531928593640868
22.528153153153152	1.1530273413415204
22.556916916916915	1.1528618233189538
22.585680680680678	1.1526963052963874
22.614444444444445	1.152530787273821
22.643208208208208	1.1523652692512547
22.67197197197197	1.1521997512286881
22.700735735735734	1.1520342332061217
22.7294994994995	1.1518687151835554
22.758263263263263	1.151703197160989
22.787027027027026	1.1515376791384226
22.81579079079079	1.151372161115856
22.844554554554552	1.1512066430932897
22.87331831831832	1.1510411250707233
22.90208208208208	1.150875607048157
22.930845845845845	1.1507100890255904
22.959609609609608	1.150544571003024
22.98837337337337	1.1503790529804576
23.017137137137137	1.1502135349578912
23.0459009009009	1.1500480169353249
23.074664664664663	1.1498824989127583
23.103428428428426	1.149716980890192
23.132192192192193	1.1495514628676256
23.160955955955956	1.1493859448450592
23.18971971971972	1.1492204268224926
23.21848348348348	1.1490549087999262
23.247247247247245	1.1488893907773599
23.27601101101101	1.1487238727547935
23.304774774774774	1.1485583547322271
23.333538538538537	1.1483928367096605
23.3623023023023	1.1482273186870942
23.391066066066067	1.1480618006645278
23.41982982982983	1.1478962826419614
23.448593593593593	1.1477307646193948
23.477357357357356	1.1475652465968285
23.50612112112112	1.147399728574262
23.534884884884885	1.1472342105516957
23.56364864864865	1.1470686925291291
23.59241241241241	1.1469031745065628
23.621176176176174	1.1467376564839964
23.649939939939937	1.14657213846143
23.678703703703704	1.1464066204388637
23.707467467467467	1.146241102416297
23.73623123123123	1.1460755843937307
23.764994994994993	1.1459100663711643
23.79375875875876	1.145744548348598
23.822522522522522	1.1455790303260314
23.851286286286285	1.145413512303465
23.88005005005005	1.1452479942808986
23.90881381381381	1.1450824762583323
23.937577577577578	1.144916958235766
23.96634134134134	1.1447035996756267
23.995105105105104	1.1444806554347584
24.023868868868867	1.1442577111938899
24.05263263263263	1.1440347669530213
24.081396396396396	1.1438118227121528
24.11016016016016	1.1435888784712842
24.138923923923922	1.1433659342304157
24.167687687687685	1.143142989989547
24.196451451451452	1.1429200457486786
24.225215215215215	1.14269710150781
24.253978978978978	1.1424741572669415
24.28274274274274	1.142251213026073
24.311506506506504	1.1420282687852044
24.34027027027027	1.1418053245443358
24.369034034034033	1.1415823803034673
24.397797797797796	1.141359436062599
24.42656156156156	1.1411364918217304
24.455325325325326	1.1409135475808618
24.48408908908909	1.1406906033399933
24.512852852852852	1.1404676590991247
24.541616616616615	1.1402447148582562
24.570380380380378	1.1400217706173876
24.599144144144145	1.139798826376519
24.627907907907908	1.1395758821356505
24.65667167167167	1.139352937894782
24.685435435435434	1.1391299936539134
24.714199199199196	1.1389070494130449
24.742962962962963	1.1386841051721763
24.771726726726726	1.1384611609313078
24.80049049049049	1.1382382166904395
24.829254254254252	1.138015272449571
24.85801801801802	1.1377923282087024
24.88678178178178	1.1375693839678338
24.915545545545545	1.1373464397269653
24.944309309309308	1.1371234954860967
24.97307307307307	1.1369005512452282
25.001836836836837	1.1366776070043596
25.0306006006006	1.136454662763491
25.059364364364363	1.1362317185226225
25.088128128128126	1.136008774281754
25.11689189189189	1.1357858300408854
25.145655655655656	1.1355628858000169
25.17441941941942	1.1353399415591483
25.20318318318318	1.13511699731828
25.231946946946945	1.1348940530774114
25.26071071071071	1.1346711088365429
25.289474474474474	1.1344481645956743
25.318238238238237	1.1342252203548058
25.347002002002	1.1340022761139372
25.375765765765763	1.1337793318730687
25.40452952952953	1.1335563876322001
25.433293293293293	1.1333334433913316
25.462057057057056	1.133110499150463
25.49082082082082	1.1328875549095945
25.51958458458458	1.132664610668726
25.54834834834835	1.1324416664278574
25.57711211211211	1.1322187221869888
25.605875875875874	1.1319957779461205
25.634639639639637	1.131772833705252
25.663403403403404	1.1315498894643834
25.692167167167167	1.1313269452235148
25.72093093093093	1.1311040009826463
25.749694694694693	1.1308810567417777
25.778458458458456	1.1306581125009092
25.807222222222222	1.1304351682600406
25.835985985985985	1.130212224019172
25.86474974974975	1.1299892797783035
25.89351351351351	1.129766335537435
25.922277277277278	1.1295433912965664
25.95104104104104	1.129320447055698
25.979804804804804	1.1290975028148293
26.008568568568567	1.128874558573961
26.03733233233233	1.1286516143330925
26.066096096096096	1.128428670092224
26.09485985985986	1.1282057258513554
26.123623623623622	1.1279827816104868
26.152387387387385	1.1277598373696183
26.18115115115115	1.1275368931287497
26.209914914914915	1.1273139488878812
26.238678678678678	1.1270910046470126
26.26744244244244	1.126868060406144
26.296206206206204	1.1266451161652755
26.32496996996997	1.126422171924407
26.353733733733733	1.126188707398005
26.382497497497496	1.1258819543481118
26.41126126126126	1.1255752012982188
26.440025025025022	1.1252684482483255
26.46878878878879	1.1249616951984325
26.497552552552552	1.1246549421485392
26.526316316316315	1.1243481890986462
26.555080080080078	1.124041436048753
26.58384384384384	1.12373468299886
26.612607607607607	1.1234279299489667
26.64137137137137	1.1231211768990734
26.670135135135133	1.1228144238491804
26.698898898898896	1.1225076707992871
26.727662662662663	1.1222009177493941
26.756426426426426	1.1218941646995009
26.78519019019019	1.1215874116496078
26.813953953953952	1.1212806585997146
26.842717717717715	1.1209739055498216
26.87148148148148	1.1206671524999283
26.900245245245245	1.1203603994500353
26.929009009009008	1.120053646400142
26.95777277277277	1.119746893350249
26.986536536536534	1.1194401403003558
27.0153003003003	1.1191333872504625
27.044064064064063	1.1188266342005695
27.072827827827826	1.1185198811506762
27.10159159159159	1.1182131281007832
27.130355355355356	1.11790637505089
27.15911911911912	1.117599622000997
27.18788288288288	1.1172928689511037
27.216646646646645	1.1169861159012107
27.245410410410408	1.1166793628513174
27.274174174174174	1.1163726098014242
27.302937937937937	1.1160658567515311
27.3317017017017	1.1157591037016379
27.360465465465463	1.1154523506517449
27.38922922922923	1.1151455976018516
27.417992992992993	1.1148388445519586
27.446756756756756	1.1145320915020653
27.47552052052052	1.1142253384521723
27.50428428428428	1.113918585402279
27.533048048048048	1.113611832352386
27.56181181181181	1.1133050793024928
27.590575575575574	1.1129983262525998
27.619339339339337	1.1126915732027065
27.6481031031031	1.1123848201528135
27.676866866866867	1.1120780671029202
27.70563063063063	1.111771314053027
27.734394394394393	1.111464561003134
27.763158158158156	1.1111578079532407
27.791921921921922	1.1108510549033477
27.820685685685685	1.1105443018534544
27.84944944944945	1.1102375488035614
27.87821321321321	1.1099307957536682
27.906976976976974	1.1096240427037751
27.93574074074074	1.1093172896538819
27.964504504504504	1.1090105366039889
27.993268268268267	1.1087037835540956
28.02203203203203	1.1083970305042026
28.050795795795793	1.1080902774543093
28.07955955955956	1.107783524404416
28.108323323323322	1.107476771354523
28.137087087087085	1.1071700183046298
28.16585085085085	1.1068632652547368
28.194614614614615	1.1065565122048435
28.223378378378378	1.1062497591549505
28.25214214214214	1.1059430061050572
28.280905905905904	1.1056362530551642
28.309669669669667	1.105329500005271
28.338433433433433	1.1050227469553777
28.367197197197196	1.1047159939054847
28.39596096096096	1.1044092408555914
28.424724724724722	1.1041024878056984
28.45348848848849	1.1037957347558052
28.482252252252252	1.1034889817059121
28.511016016016015	1.103182228656019
28.539779779779778	1.1028754756061259
28.56854354354354	1.1025687225562326
28.597307307307307	1.1022619695063396
28.62607107107107	1.1019552164564463
28.654834834834833	1.1016484634065533
28.683598598598596	1.10134171035666
28.71236236236236	1.101034957306767
28.741126126126126	1.1007282042568738
28.76988988988989	1.1004214512069805
28.798653653653652	1.1001146981570875
28.827417417417415	1.0998079451071943
28.85618118118118	1.0995011920573012
28.884944944944944	1.099194439007408
28.913708708708707	1.098887685957515
28.94247247247247	1.0985809329076217
28.971236236236233	1.0982741798577287
29.0	1.0979674268078354
