0.00348	4.064e-05
0.00696	0.00016204
0.01044	0.00036342
0.01392	0.00064402
0.0174	0.0010031
0.02088	0.0014398
0.02436	0.0019534
0.02784	0.0025431
0.03132	0.0032083
0.0348	0.003948
0.03828	0.0047616
0.04176	0.0056483
0.04524	0.0066074
0.04872	0.0076381
0.0522	0.0087396
0.05568	0.0099113
0.05916	0.011152
0.06264	0.012462
0.06612	0.01384
0.0696	0.015284
0.07308	0.016795
0.07656	0.018372
0.08004	0.020014
0.08352	0.02172
0.087	0.02349
0.09048	0.025322
0.09396	0.027216
0.09744	0.029172
0.10092	0.031189
0.1044	0.033265
0.10788	0.035401
0.11136	0.037595
0.11484	0.039847
0.11832	0.042156
0.1218	0.044521
0.12528	0.046942
0.12876	0.049419
0.13224	0.051949
0.13572	0.054533
0.1392	0.057171
0.14268	0.05986
0.14616	0.062601
0.14964	0.065393
0.15312	0.068235
0.1566	0.071127
0.16008	0.074067
0.16356	0.077056
0.16704	0.080093
0.17052	0.083176
0.174	0.086305
0.17748	0.08948
0.18096	0.0927
0.18444	0.095964
0.18792	0.099272
0.1914	0.10262
0.19488	0.10602
0.19836	0.10945
0.20184	0.11293
0.20532	0.11644
0.2088	0.12
0.21228	0.12359
0.21576	0.12723
0.21924	0.1309
0.22272	0.1346
0.2262	0.13835
0.22968	0.14213
0.23316	0.14595
0.23664	0.1498
0.24012	0.15368
0.2436	0.1576
0.24708	0.16155
0.25056	0.16553
0.25404	0.16955
0.25752	0.17359
0.261	0.17767
0.26448	0.18178
0.26796	0.18591
0.27144	0.19008
0.27492	0.19427
0.2784	0.19849
0.28188	0.20273
0.28536	0.207
0.28884	0.2113
0.29232	0.21563
0.2958	0.21997
0.29928	0.22435
0.30276	0.22874
0.30624	0.23316
0.30972	0.2376
0.3132	0.24206
0.31668	0.24654
0.32016	0.25105
0.32364	0.25557
0.32712	0.26011
0.3306	0.26467
0.33408	0.26925
0.33756	0.27385
0.34104	0.27846
0.34452	0.2831
0.348	0.28774
0.35148	0.29241
0.35496	0.29708
0.35844	0.30178
0.36192	0.30648
0.3654	0.3112
0.36888	0.31593
0.37236	0.32068
0.37584	0.32544
0.37932	0.3302
0.3828	0.33498
0.38628	0.33977
0.38976	0.34457
0.39324	0.34938
0.39672	0.3542
0.4002	0.35902
0.40368	0.36386
0.40716	0.3687
0.41064	0.37354
0.41412	0.3784
0.4176	0.38325
0.42108	0.38812
0.42456	0.39299
0.42804	0.39786
0.43152	0.40274
0.435	0.40762
0.43848	0.4125
0.44196	0.41739
0.44544	0.42227
0.44892	0.42716
0.4524	0.43205
0.45588	0.43694
0.45936	0.44183
0.46284	0.44672
0.46632	0.45161
0.4698	0.4565
0.47328	0.46138
0.47676	0.46626
0.48024	0.47114
0.48372	0.47602
0.4872	0.48089
0.49068	0.48576
0.49416	0.49063
0.49764	0.49549
0.50112	0.50034
0.5046	0.50519
0.50808	0.51003
0.51156	0.51487
0.51504	0.51969
0.51852	0.52451
0.522	0.52933
0.52548	0.53413
0.52896	0.53893
0.53244	0.54371
0.53592	0.54849
0.5394	0.55325
0.54288	0.55801
0.54636	0.56275
0.54984	0.56749
0.55332	0.57221
0.5568	0.57692
0.56028	0.58161
0.56376	0.5863
0.56724	0.59097
0.57072	0.59562
0.5742	0.60027
0.57768	0.60489
0.58116	0.60951
0.58464	0.6141
0.58812	0.61869
0.5916	0.62325
0.59508	0.6278
0.59856	0.63234
0.60204	0.63685
0.60552	0.64135
0.609	0.64583
0.61248	0.65029
0.61596	0.65474
0.61944	0.65916
0.62292	0.66357
0.6264	0.66795
0.62988	0.67232
0.63336	0.67667
0.63684	0.68099
0.64032	0.68529
0.6438	0.68958
0.64728	0.69384
0.65076	0.69808
0.65424	0.70229
0.65772	0.70649
0.6612	0.71066
0.66468	0.7148
0.66816	0.71893
0.67164	0.72303
0.67512	0.7271
0.6786	0.73115
0.68208	0.73518
0.68556	0.73918
0.68904	0.74316
0.69252	0.7471
0.696	0.75103
0.69948	0.75492
0.70296	0.75879
0.70644	0.76263
0.70992	0.76645
0.7134	0.77024
0.71688	0.774
0.72036	0.77773
0.72384	0.78143
0.72732	0.7851
0.7308	0.78875
0.73428	0.79236
0.73776	0.79595
0.74124	0.7995
0.74472	0.80303
0.7482	0.80652
0.75168	0.80999
0.75516	0.81342
0.75864	0.81682
0.76212	0.82019
0.7656	0.82353
0.76908	0.82684
0.77256	0.83011
0.77604	0.83335
0.77952	0.83656
0.783	0.83974
0.78648	0.84288
0.78996	0.84599
0.79344	0.84906
0.79692	0.85211
0.8004	0.85511
0.80388	0.85808
0.80736	0.86102
0.81084	0.86392
0.81432	0.86679
0.8178	0.86962
0.82128	0.87242
0.82476	0.87518
0.82824	0.8779
0.83172	0.88059
0.8352	0.88324
0.83868	0.88586
0.84216	0.88844
0.84564	0.89098
0.84912	0.89348
0.8526	0.89595
0.85608	0.89838
0.85956	0.90077
0.86304	0.90312
0.86652	0.90544
0.87	0.90771
0.87348	0.90995
0.87696	0.91215
0.88044	0.91431
0.88392	0.91643
0.8874	0.91851
0.89088	0.92055
0.89436	0.92255
0.89784	0.92451
0.90132	0.92644
0.9048	0.92832
0.90828	0.93016
0.91176	0.93196
0.91524	0.93372
0.91872	0.93544
0.9222	0.93712
0.92568	0.93875
0.92916	0.94035
0.93264	0.9419
0.93612	0.94342
0.9396	0.94489
0.94308	0.94632
0.94656	0.9477
0.95004	0.94905
0.95352	0.95035
0.957	0.95161
0.96048	0.95283
0.96396	0.954
0.96744	0.95514
0.97092	0.95623
0.9744	0.95727
0.97788	0.95827
0.98136	0.95924
0.98484	0.96015
0.98832	0.96103
0.9918	0.96186
0.99528	0.96264
0.99876	0.96338
1.0022	0.96408
1.0057	0.96474
1.0092	0.96535
1.0127	0.96591
1.0162	0.96643
1.0196	0.96691
1.0231	0.96734
1.0266	0.96773
1.0301	0.96808
1.0336	0.96837
1.037	0.96863
1.0405	0.96884
1.044	0.969
1.0475	0.96912
1.051	0.9692
1.0544	0.96922
1.0579	0.96921
1.0614	0.96915
1.0649	0.96904
1.0684	0.96889
1.0718	0.96869
1.0753	0.96845
1.0788	0.96816
1.0823	0.96782
1.0858	0.96744
1.0892	0.96702
1.0927	0.96655
1.0962	0.96603
1.0997	0.96547
1.1032	0.96486
1.1066	0.9642
1.1101	0.9635
1.1136	0.96275
1.1171	0.96196
1.1206	0.96112
1.124	0.96024
1.1275	0.9593
1.131	0.95833
1.1345	0.9573
1.138	0.95623
1.1414	0.95512
1.1449	0.95396
1.1484	0.95275
1.1519	0.95149
1.1554	0.95019
1.1588	0.94884
1.1623	0.94745
1.1658	0.94601
1.1693	0.94452
1.1728	0.94299
1.1762	0.94141
1.1797	0.93979
1.1832	0.93812
1.1867	0.9364
1.1902	0.93464
1.1936	0.93283
1.1971	0.93097
1.2006	0.92907
1.2041	0.92712
1.2076	0.92513
1.211	0.92309
1.2145	0.921
1.218	0.91886
1.2215	0.91669
1.225	0.91446
1.2284	0.91219
1.2319	0.90987
1.2354	0.90751
1.2389	0.9051
1.2424	0.90264
1.2458	0.90014
1.2493	0.8976
1.2528	0.895
1.2563	0.89237
1.2598	0.88968
1.2632	0.88695
1.2667	0.88418
1.2702	0.88135
1.2737	0.87849
1.2772	0.87557
1.2806	0.87262
1.2841	0.86961
1.2876	0.86656
1.2911	0.86347
1.2946	0.86033
1.298	0.85715
1.3015	0.85392
1.305	0.85064
1.3085	0.84732
1.312	0.84396
1.3154	0.84055
1.3189	0.83709
1.3224	0.83359
1.3259	0.83005
1.3294	0.82646
1.3328	0.82282
1.3363	0.81914
1.3398	0.81542
1.3433	0.81165
1.3468	0.80784
1.3502	0.80398
1.3537	0.80008
1.3572	0.79613
1.3607	0.79214
1.3642	0.78811
1.3676	0.78403
1.3711	0.77991
1.3746	0.77574
1.3781	0.77153
1.3816	0.76727
1.385	0.76297
1.3885	0.75863
1.392	0.75424
1.3955	0.74981
1.399	0.74534
1.4024	0.74082
1.4059	0.73626
1.4094	0.73165
1.4129	0.727
1.4164	0.72231
1.4198	0.71757
1.4233	0.71279
1.4268	0.70797
1.4303	0.7031
1.4338	0.69819
1.4372	0.69323
1.4407	0.68824
1.4442	0.68319
1.4477	0.67811
1.4512	0.67298
1.4546	0.66781
1.4581	0.66259
1.4616	0.65733
1.4651	0.65202
1.4686	0.64668
1.472	0.64128
1.4755	0.63585
1.479	0.63037
1.4825	0.62484
1.486	0.61928
1.4894	0.61366
1.4929	0.608
1.4964	0.6023
1.4999	0.59655
1.5034	0.59076
1.5068	0.58492
1.5103	0.57904
1.5138	0.57311
1.5173	0.56714
1.5208	0.56112
1.5242	0.55505
1.5277	0.54894
1.5312	0.54278
1.5347	0.53657
1.5382	0.53031
1.5416	0.52401
1.5451	0.51765
1.5486	0.51125
1.5521	0.5048
1.5556	0.49829
1.559	0.49174
1.5625	0.48513
1.566	0.47848
1.5695	0.47176
1.573	0.465
1.5764	0.45818
1.5799	0.4513
1.5834	0.44437
1.5869	0.43738
1.5904	0.43033
1.5938	0.42322
1.5973	0.41605
1.6008	0.40882
1.6043	0.40152
1.6078	0.39415
1.6112	0.38671
1.6147	0.37921
1.6182	0.37163
1.6217	0.36398
1.6252	0.35625
1.6286	0.34843
1.6321	0.34054
1.6356	0.33256
1.6391	0.32448
1.6426	0.31631
1.646	0.30805
1.6495	0.29967
1.653	0.29119
1.6565	0.28259
1.66	0.27387
1.6634	0.26502
1.6669	0.25604
1.6704	0.2469
1.6739	0.23761
1.6774	0.22814
1.6808	0.21849
1.6843	0.20864
1.6878	0.19858
1.6913	0.18828
1.6948	0.17771
1.6982	0.16686
1.7017	0.15568
1.7052	0.14413
1.7087	0.13217
1.7122	0.11974
1.7156	0.10675
1.7191	0.093117
1.7226	0.078716
1.7261	0.063391
1.7296	0.046958
1.733	0.029276
1.7365	0.010856
1.74	0.0
