1.300000000000000000e+01 1.049999999999999892e-02
1.500000000000000000e+01 1.139999999999999868e-02
1.700000000000000000e+01 1.209999999999999964e-02
1.900000000000000000e+01 1.329999999999999932e-02
2.100000000000000000e+01 1.399999999999999856e-02
2.400000000000000000e+01 1.519999999999999997e-02
2.700000000000000000e+01 1.579999999999999807e-02
3.000000000000000000e+01 1.650000000000000078e-02
3.300000000000000000e+01 1.639999999999999791e-02
3.800000000000000000e+01 1.609999999999999973e-02
4.200000000000000000e+01 1.529999999999999936e-02
4.700000000000000000e+01 1.339999999999999872e-02
5.300000000000000000e+01 1.049999999999999892e-02
6.000000000000000000e+01 9.599999999999999159e-03
6.700000000000000000e+01 8.850000000000000228e-03
7.500000000000000000e+01 8.080000000000000376e-03
8.400000000000000000e+01 7.349999999999999763e-03
9.400000000000000000e+01 6.709999999999999819e-03
1.060000000000000000e+02 5.949999999999999560e-03
1.190000000000000000e+02 5.190000000000000169e-03
1.330000000000000000e+02 4.569999999999999410e-03
1.500000000000000000e+02 3.939999999999999926e-03
1.680000000000000000e+02 3.399999999999999811e-03
1.880000000000000000e+02 2.919999999999999853e-03
2.110000000000000000e+02 2.409999999999999816e-03
2.370000000000000000e+02 2.030000000000000120e-03
2.660000000000000000e+02 1.679999999999999853e-03
2.990000000000000000e+02 1.399999999999999986e-03
3.350000000000000000e+02 1.099999999999999849e-03
3.760000000000000000e+02 8.939999999999999379e-04
4.220000000000000000e+02 7.059999999999999219e-04
4.730000000000000000e+02 5.569999999999999864e-04
5.310000000000000000e+02 4.449999999999999746e-04
5.960000000000000000e+02 3.439999999999999590e-04
6.680000000000000000e+02 2.669999999999999847e-04
7.500000000000000000e+02 2.109999999999999788e-04
8.410000000000000000e+02 1.530000000000000056e-04
9.440000000000000000e+02 1.160000000000000007e-04
