1.300000000000000000e+01 1.729999999999999941e-02
1.500000000000000000e+01 1.940000000000000058e-02
1.700000000000000000e+01 2.110000000000000070e-02
1.900000000000000000e+01 2.259999999999999856e-02
2.100000000000000000e+01 2.409999999999999989e-02
2.400000000000000000e+01 2.469999999999999973e-02
2.700000000000000000e+01 2.599999999999999881e-02
3.000000000000000000e+01 2.989999999999999949e-02
3.300000000000000000e+01 2.690000000000000030e-02
3.800000000000000000e+01 2.759999999999999953e-02
4.200000000000000000e+01 2.789999999999999772e-02
4.700000000000000000e+01 2.759999999999999953e-02
5.300000000000000000e+01 2.329999999999999780e-02
6.000000000000000000e+01 1.989999999999999755e-02
6.700000000000000000e+01 1.839999999999999969e-02
7.500000000000000000e+01 1.660000000000000017e-02
8.400000000000000000e+01 1.490000000000000005e-02
9.400000000000000000e+01 1.369999999999999864e-02
1.060000000000000000e+02 1.189999999999999912e-02
1.190000000000000000e+02 1.049999999999999892e-02
1.330000000000000000e+02 9.150000000000000147e-03
1.500000000000000000e+02 7.899999999999999037e-03
1.680000000000000000e+02 6.749999999999999924e-03
1.880000000000000000e+02 5.719999999999999390e-03
2.110000000000000000e+02 4.739999999999999422e-03
2.370000000000000000e+02 3.939999999999999926e-03
2.660000000000000000e+02 3.209999999999999746e-03
2.990000000000000000e+02 2.599999999999999881e-03
3.350000000000000000e+02 2.089999999999999844e-03
3.760000000000000000e+02 1.660000000000000017e-03
4.220000000000000000e+02 1.330000000000000019e-03
4.730000000000000000e+02 1.049999999999999935e-03
5.310000000000000000e+02 8.210000000000000067e-04
5.960000000000000000e+02 6.290000000000000018e-04
6.680000000000000000e+02 4.879999999999999898e-04
7.500000000000000000e+02 3.709999999999999648e-04
8.410000000000000000e+02 2.809999999999999998e-04
9.440000000000000000e+02 2.109999999999999788e-04
