1.300000000000000000e+01 9.639999999999999264e-03
1.500000000000000000e+01 1.049999999999999892e-02
1.700000000000000000e+01 1.170000000000000033e-02
1.900000000000000000e+01 1.239999999999999956e-02
2.100000000000000000e+01 1.329999999999999932e-02
2.400000000000000000e+01 1.419999999999999908e-02
2.700000000000000000e+01 1.469999999999999953e-02
3.000000000000000000e+01 1.529999999999999936e-02
3.300000000000000000e+01 1.529999999999999936e-02
3.800000000000000000e+01 1.529999999999999936e-02
4.200000000000000000e+01 1.430000000000000021e-02
4.700000000000000000e+01 1.249999999999999896e-02
5.300000000000000000e+01 9.779999999999998764e-03
6.000000000000000000e+01 8.859999999999999820e-03
6.700000000000000000e+01 8.229999999999999469e-03
7.500000000000000000e+01 7.479999999999999670e-03
8.400000000000000000e+01 6.699999999999999359e-03
9.400000000000000000e+01 6.119999999999999572e-03
1.060000000000000000e+02 5.309999999999999616e-03
1.190000000000000000e+02 4.660000000000000080e-03
1.330000000000000000e+02 4.060000000000000241e-03
1.500000000000000000e+02 3.469999999999999994e-03
1.680000000000000000e+02 2.949999999999999931e-03
1.880000000000000000e+02 2.529999999999999697e-03
2.110000000000000000e+02 2.109999999999999896e-03
2.370000000000000000e+02 1.759999999999999846e-03
2.660000000000000000e+02 1.429999999999999848e-03
2.990000000000000000e+02 1.179999999999999842e-03
3.350000000000000000e+02 9.429999999999999364e-04
3.760000000000000000e+02 7.579999999999999932e-04
4.220000000000000000e+02 5.949999999999999343e-04
4.730000000000000000e+02 4.669999999999999672e-04
5.310000000000000000e+02 3.639999999999999573e-04
5.960000000000000000e+02 2.839999999999999643e-04
6.680000000000000000e+02 2.259999999999999910e-04
7.500000000000000000e+02 1.679999999999999907e-04
8.410000000000000000e+02 1.269999999999999970e-04
9.440000000000000000e+02 9.379999999999998961e-05
