1.300000000000000000e+01 1.739999999999999880e-02
1.500000000000000000e+01 1.899999999999999953e-02
1.700000000000000000e+01 2.110000000000000070e-02
1.900000000000000000e+01 2.199999999999999872e-02
2.100000000000000000e+01 2.350000000000000006e-02
2.400000000000000000e+01 2.429999999999999868e-02
2.700000000000000000e+01 2.479999999999999913e-02
3.000000000000000000e+01 2.750000000000000014e-02
3.300000000000000000e+01 2.630000000000000046e-02
3.800000000000000000e+01 2.699999999999999969e-02
4.200000000000000000e+01 2.690000000000000030e-02
4.700000000000000000e+01 2.659999999999999865e-02
5.300000000000000000e+01 2.319999999999999840e-02
6.000000000000000000e+01 1.969999999999999876e-02
6.700000000000000000e+01 1.820000000000000090e-02
7.500000000000000000e+01 1.689999999999999836e-02
8.400000000000000000e+01 1.569999999999999868e-02
9.400000000000000000e+01 1.409999999999999969e-02
1.060000000000000000e+02 1.230000000000000017e-02
1.190000000000000000e+02 1.049999999999999892e-02
1.330000000000000000e+02 9.119999999999999635e-03
1.500000000000000000e+02 7.849999999999999339e-03
1.680000000000000000e+02 6.719999999999999411e-03
1.880000000000000000e+02 5.749999999999999903e-03
2.110000000000000000e+02 4.759999999999999475e-03
2.370000000000000000e+02 3.909999999999999414e-03
2.660000000000000000e+02 3.249999999999999851e-03
2.990000000000000000e+02 2.619999999999999933e-03
3.350000000000000000e+02 2.119999999999999923e-03
3.760000000000000000e+02 1.689999999999999879e-03
4.220000000000000000e+02 1.340000000000000045e-03
4.730000000000000000e+02 1.049999999999999935e-03
5.310000000000000000e+02 8.249999999999999955e-04
5.960000000000000000e+02 6.399999999999999439e-04
6.680000000000000000e+02 4.899999999999999842e-04
7.500000000000000000e+02 3.779999999999999723e-04
8.410000000000000000e+02 2.869999999999999830e-04
9.440000000000000000e+02 2.139999999999999975e-04
