0.5137    1.5101e-8;
0.5316    1.5101e-8;
0.55    1.5101e-8;
0.5691    1.4636e-8;
0.5889    1.4186e-8;
0.6094    1.4636e-8;
0.6306    1.5101e-8;
0.6524    1.5101e-8;
0.6751    1.5581e-8;
0.6985    1.5581e-8;
0.7229    1.6076e-8;
0.748    1.6586e-8;
0.774    1.6076e-8;
0.8009    1.4636e-8;
0.8287    1.3749e-8;
0.8575    1.2518e-8;
0.8873    1.1397e-8;
0.9181    1.0376e-8;
0.9501    9.4473e-9;
0.983    8.6014e-9;
1.0172    7.8312e-9;
1.0526    7.3564e-9;
1.0892    6.9104e-9;
1.127    6.4915e-9;
1.1662    5.9102e-9;
1.2067    5.5519e-9;
1.2486    5.2154e-9;
1.292    4.7484e-9;
1.3369    4.4605e-9;
1.3834    4.1901e-9;
1.4314    3.8149e-9;
1.4812    3.5836e-9;
1.5326    3.3664e-9;
1.5859    3.4733e-9;
1.641    3.3664e-9;
1.698    3.1623e-9;
1.757    2.9706e-9;
1.8181    2.8791e-9;
1.8813    2.8791e-9;
1.9466    2.7905e-9;
2.0143    2.7905e-9;
2.0843    2.7046e-9;
2.1567    2.7046e-9;
2.2317    2.6213e-9;
2.3092    2.5406e-9;
2.3895    2.5406e-9;
2.4725    2.4624e-9;
2.5584    2.4624e-9;
2.6473    2.4624e-9;
2.7393    2.5406e-9;
2.8345    2.6213e-9;
2.933    2.7046e-9;
3.0349    2.8791e-9;
3.1404    2.9706e-9;
3.2495    3.0649e-9;
3.3625    3.1623e-9;
3.4793    3.2627e-9;
3.6002    3.4733e-9;
3.7252    3.5836e-9;
3.8548    3.9361e-9;
3.9887    4.0611e-9;
4.1273    4.0611e-9;
4.2708    4.1901e-9;
4.4192    4.1901e-9;
4.5727    4.6022e-9;
4.7316    4.4605e-9;
4.8961    4.4605e-9;
5.0662    4.3232e-9;
5.2423    4.1901e-9;
5.4243    4.1901e-9;
5.6129    3.9361e-9;
5.808    3.6974e-9;
6.0098    3.3664e-9;
6.2186    3.0649e-9;
6.4346    2.8791e-9;
6.6583    2.7046e-9;
6.8897    2.4624e-9;
7.1291    2.2419e-9;
7.3769    2.1729e-9;
7.6332    1.9174e-9;
7.8984    1.6399e-9;
8.1729    1.3594e-9;
8.4569    9.3405e-10;
8.7508    5.3202e-10;
9.0549    2.937e-10;
9.3696    1.5714e-10;
9.6952    6.7551e-11;
10.0321    2.996e-11;
10.3807    1.1015e-11;
10.7414    3.4634e-12;
11.1147    1.5849e-12;
11.5009    5.6474e-13;
11.9005    4.1309e-13;
12.3141    3.0217e-13;
12.742    2.2103e-13;
13.1848    1.9504e-13;
13.643    1.7758e-13;
14.1171    1.567e-13;
14.6077    1.3827e-13;
15.1153    1.2202e-13;
15.6404    1.0767e-13;
16.184    1.0114e-13;
16.7464    9.5012e-14;
17.3284    9.2087e-14;
17.9304    8.6504e-14;
18.5535    8.3841e-14;
19.1983    7.8758e-14;
19.8655    7.6334e-14;
20.5558    7.1706e-14;
21.2701    7.1706e-14;
22.0093    6.9498e-14;
22.7741    6.9498e-14;
23.5655    6.9498e-14;
24.3844    6.9498e-14;
25.2317    6.7359e-14;
26.1085    6.7359e-14;
27.0158    6.7359e-14;
27.9546    6.5285e-14;
28.926    6.5285e-14;
29.9312    6.7359e-14;
30.9713    6.9498e-14;
32.0476    7.3984e-14;
33.1612    7.6334e-14;
34.3136    7.8758e-14;
35.506    8.126e-14;
36.7398    8.6504e-14;
38.0165    8.9252e-14;
37.6932    9.5012e-14;
38.0165    9.5012e-14;
39.3376    9.803e-14;
40.7046    1.0114e-13;
42.119    1.0436e-13;
43.5827    1.0767e-13;
45.0972    1.0767e-13;
46.6643    1.1109e-13;
48.2859    1.1462e-13;
49.9638    1.1826e-13;
51.7    1.2202e-13;
53.4966    1.2589e-13;
55.3556    1.2989e-13;
57.2792    1.2989e-13;
59.2697    1.3402e-13;
61.3293    1.3827e-13;
63.4605    1.4267e-13;
65.6657    1.472e-13;
67.9476    1.567e-13;
70.3088    1.6681e-13;
72.752    1.7211e-13;
75.2802    1.7758e-13;
77.8961    1.8904e-13;
80.603    2.0124e-13;
83.404    2.0763e-13;
86.3023    2.1422e-13;
89.3013    2.2805e-13;
92.4045    2.4276e-13;
95.6155    2.5048e-13;
98.9382    2.6664e-13;
102.3763    2.7511e-13;
105.9339    2.8385e-13;
109.6151    2.9286e-13;
113.4242    3.0217e-13;
117.3657    3.1176e-13;
121.4441    3.1176e-13;
125.6643    3.2167e-13;
130.0311    3.3189e-13;
134.5497    3.4243e-13;
139.2253    3.533e-13;
144.0634    3.6453e-13;
149.0695    3.761e-13;
154.2497    3.761e-13;
159.6099    3.8805e-13;
165.1562    4.0038e-13;
170.8955    4.1309e-13;
176.834    4.2622e-13;
182.979    4.2622e-13;
189.3376    4.3975e-13;
195.9171    4.5372e-13;
202.7252    4.6813e-13;
209.7699    4.83e-13;
217.0594    4.9835e-13;
224.6021    5.1418e-13;
232.4071    5.3051e-13;
240.4833    5.4736e-13;
248.8399    5.6474e-13;
257.4872    5.8268e-13;
266.4349    6.0119e-13;
275.6935    6.2029e-13;
285.2738    6.2029e-13;
295.1871    6.3999e-13;
305.4447    6.6032e-13;
316.059    6.8129e-13;
327.0421    7.0293e-13;
338.4068    7.483e-13;
335.5291    7.2526e-13;
338.4068    7.0293e-13;
350.1663    7.2526e-13;
362.3347    7.9659e-13;
374.9258    8.48e-13;
387.9544    8.7493e-13;
401.4358    9.0273e-13;
415.3857    9.314e-13;
429.8203    9.6098e-13;
444.7566    9.9151e-13;
460.2119    1.023e-12;
476.2042    1.023e-12;
492.7523    1.0555e-12;
509.8754    1.089e-12;
527.5936    1.1236e-12;
545.9274    1.1593e-12;
564.8984    1.2733e-12;
584.5286    1.2733e-12;
604.8409    1.3138e-12;
625.8591    1.3555e-12;
647.6077    1.3555e-12;
670.112    1.3986e-12;
693.3984    1.443e-12;
717.494    1.443e-12;
742.4269    1.4888e-12;
768.2262    1.5361e-12;
794.922    1.5849e-12;
822.5455    1.5849e-12;
851.129    1.6352e-12;
880.7057    1.6872e-12;
911.3101    1.6872e-12;
942.9781    1.7408e-12;
975.7466    1.7961e-12;
1009.6537    1.8531e-12;
1044.7391    1.912e-12;
1081.0438    1.9727e-12;
1118.6101    2.0354e-12;
1157.4817    2.1e-12;
1197.7042    2.1667e-12;
1239.3243    2.3066e-12;
1282.3908    2.3798e-12;
1326.9538    2.4554e-12;
1373.0654    2.5334e-12;
1420.7793    2.6139e-12;
1470.1515    2.7826e-12;
1521.2392    2.8709e-12;
1574.1022    2.9621e-12;
1628.8022    3.0562e-12;
1685.403    3.1533e-12;
1743.9707    3.2535e-12;
1804.5735    3.4634e-12;
1867.2824    3.5734e-12;
1932.1703    3.6869e-12;
1999.3133    3.9249e-12;
2068.7894    4.0496e-12;
2140.6797    4.1782e-12;
2215.0682    4.4478e-12;
2292.0418    4.5891e-12;
2371.6902    4.7349e-12;
2454.1063    4.8853e-12;
2539.3864    5.0404e-12;
2627.63    5.2006e-12;
2718.94    5.3657e-12;
2813.4231    5.712e-12;
2911.1894    5.8935e-12;
3012.3532    6.0807e-12;
3117.0323    5.8935e-12;
3225.3491    5.8935e-12;
3337.4299    6.2738e-12;
3453.4054    6.6787e-12;
3573.4111    6.8908e-12;
3697.587    7.1097e-12;
3826.078    7.3355e-12;
3959.0341    7.3355e-12;
4096.6104    7.5685e-12;
4238.9675    7.8089e-12;
4386.2713    8.057e-12;
4538.6942    8.3129e-12;
4696.4137    8.577e-12;
4859.6139    8.8494e-12;
5028.4853    9.1305e-12;
5203.2248    9.4205e-12;
5384.0368    9.4205e-12;
5571.1319    9.7197e-12;
5764.7285    1.0028e-11;
5965.0526    1.0347e-11;
6172.338    1.1015e-11;
6386.8265    1.1726e-11;
6608.7685    1.2098e-11;
6838.4229    1.2482e-11;
7076.0579    1.2879e-11;
7321.9506    1.371e-11;
7576.3881    1.4145e-11;
7839.6674    1.4595e-11;
8112.0955    1.5058e-11;
8393.9905    1.5537e-11;
8685.6814    1.603e-11;
8987.5085    1.6539e-11;
9299.8241    1.7607e-11;
9622.9926    1.8743e-11;