0.10000000000000005	0.001161522954742253
0.10185913880541175	0.0012048867839479318
0.10375284158180131	0.0012498651328054031
0.1056817509213659	0.0012965178613125973
0.10764652136298355	0.001344907034429214
0.10964781961431856	0.0013950970024689618
0.11168632477805618	0.0014471544843749735
0.11376272858234315	0.001501148653979013
0.11587773561551268	0.0015571512293484204
0.11803206356517304	0.001615236565328194
0.12022644346174134	0.0016754817493891529
0.12246161992650492	0.001737966700896794
0.12473835142429436	0.0018027742739191819
0.12705741052085423	0.0018699903636961413
0.12941958414499866	0.0019397040168959677
0.13182567385564078	0.002012007545789979
0.13427649611378645	0.0020869966464794787
0.13677288255958497	0.002164770521314013
0.1393156802945304	0.002245432005644293
0.1419057521689093	0.0023290876990577176
0.14454397707459282	0.0024158481012491956
0.14723125024327197	0.0025058277526847474
0.1499684835502374	0.0025991453802204204
0.15275660582380732	0.002695924047844104
0.1555965631605075	0.002796291312713123
0.15848931924611143	0.002900379386665851
0.1614358556826487	0.0030083253033911374
0.16443717232149324	0.003120271091444991
0.16749428760264382	0.0032363639533097874
0.17060823890031243	0.003356756450697235
0.17378008287493762	0.0034816066963024184
0.1770108958317422	0.0036110785522225387
0.180301774085957	0.003745341835260282
0.18365383433483473	0.0038845725293384374
0.18706821403658017	0.0040289530052589175
0.19054607179632482	0.004178672248046355
0.19408858775927793	0.004333926092123315
0.1976969640111862	0.0044949174645714015
0.20137242498623895	0.004661856636739787
0.20511621788255668	0.004834961484470143
0.2089296130854041	0.0050144577572146165
0.21281390459827135	0.005200579356331095
0.21677041048196963	0.005393568622848019
0.22080047330189015	0.005593676634998948
0.22490546058357822	0.005801163515835252
0.2290867652767774	0.006016298751233572
0.2333458062281004	0.006239361518623142
0.23768402866248778	0.006470641026766572
0.24210290467361795	0.006710436866936297
0.24660393372343406	0.006959059375837757
0.2511886431509582	0.007216830010639075
0.2558585886905647	0.007484081736476105
0.2606153549998897	0.007761159426810594
0.26546055619755404	0.008048420277028403
0.2703958364108845	0.008346234231673829
0.27542287033381674	0.008654984425725237
0.2805433637951715	0.0089750676403265
0.2857590543374948	0.00930689477339792
0.29107171180666064	0.009650891325559503
0.2964831389524344	0.01000749790180878
0.30199517204020176	0.010377170729404297
0.307609681474071	0.010760382192415254
0.3133285724315587	0.01115762138340645
0.31915378551007634	0.01156939467273688
0.32508729738543457	0.011996226295958652
0.3311311214825913	0.012438658959811798
0.3372873086588691	0.012897254467318561
0.3435579478998748	0.013372594362488865
0.3499451670283575	0.013865280595156518
0.35645113342624446	0.014375936206472921
0.3630780547701016	0.014905206035592087
0.36982817978026644	0.015453757448087604
0.3767037989839091	0.016022281086647678
0.3837072454922789	0.01661149164460058
0.3908408957924022	0.017222128662827182
0.3981071705534974	0.017854957350621634
0.405508535448384	0.018510769431064934
0.41304750199016155	0.019190384011478274
0.4207266283844443	0.019894648479525275
0.42854852039743974	0.020624439425532347
0.4365158322401662	0.021380663591596724
0.44463126746910897	0.022164258848049196
0.452897579903621	0.0229761951978367
0.46131757456037964	0.023817475809384578
0.4698941086052157	0.024689138078493215
0.47863009232263865	0.025592254719815816
0.4875284901033866	0.02652793488845475
0.4965923214503364	0.027497325332202744
0.5058246620031143	0.02850161157494158
0.5152286445817567	0.029542019131695362
0.5248074602497729	0.030619814755817088
0.5345643593969719	0.03173630771876669
0.5445026528424215	0.03289285112291494
0.5546257129579111	0.03409084324778057
0.5649369748123029	0.035331728930078736
0.5754399373371573	0.03661700097792468
0.5861381645140291	0.03794820161949954
0.5970352865838372	0.03932692398644418
0.6081350012787182	0.04075481363220088
0.6194410750767818	0.04223357008547291
0.6309573444801936	0.04376494843891671
0.64268771731702	0.045350760973121414
0.6546361740672754	0.046992878815863996
0.6668067692136226	0.0486932336365571
0.679203632617185	0.05045381937572803
0.6918309709189367	0.05227669400928246
0.7046930689671472	0.054163981347215014
0.7177942912713621	0.056117872866327766
0.7311390834834178	0.0581406295764121
0.7447319739059894	0.06023458391923061
0.7585775750291842	0.06240214169951282
0.7726805850957027	0.06464578404704101
0.7870457896950991	0.0669680694087597
0.8016780633876796	0.06937163556968418
0.8165823713585929	0.07185920170121775
0.8317637711026715	0.07443357043530692
0.847227414140597	0.07709762996267215
0.8629785477669708	0.07985435615314591
0.879022516830885	0.0827068146959304
0.8953647655495944	0.08565816325735219
0.9120108393559101	0.08871165365344152
0.9289663867799368	0.09187063403439635
0.9462371613657935	0.09513855107770695
0.963829023623971	0.09851895218641586
0.9817479430199849	0.10201548768866467
1.0000000000000004	0.10563191303433803
1.0185913880541175	0.10937209098425339
1.0375284158180131	0.11323999378695944
1.0568175092136591	0.11723970533779858
1.0764652136298356	0.1213754233144571
1.0964781961431858	0.12565146128277083
1.1168632477805618	0.1300722507660689
1.1376272858234315	0.13464234327083122
1.158777356155127	0.13936641226089275
1.1803206356517304	0.14424925507186362
1.2022644346174136	0.14929579475683413
1.2246161992650495	0.15451108185380208
1.247383514242944	0.1599002960646001
1.2705741052085426	0.16546874783440335
1.294195841449987	0.17122187982016526
1.3182567385564081	0.17716526823556483
1.342764961137865	0.1833046240592438
1.3677288255958502	0.18964579409227164
1.3931568029453043	0.19619476184989776
1.4190575216890933	0.20295764827172968
1.4454397707459279	0.209940712233522
1.4723125024327193	0.21715035084275927
1.499684835502374	0.2245930994991758
1.5275660582380732	0.23227563170028506
1.555965631605075	0.24020475857085793
1.584893192461114	0.24838742809414102
1.6143585568264869	0.2568307240213952
1.6443717232149324	0.2655418644351052
1.6749428760264382	0.2745281999399201
1.7060823890031243	0.2837972114540838
1.7378008287493762	0.29335650757274967
1.770108958317422	0.3032138214732016
1.80301774085957	0.3133770073305826
1.8365383433483473	0.3238540362112939
1.8706821403658016	0.3346529914097627
1.9054607179632483	0.345782063192788
1.9408858775927793	0.35724954291418487
1.976969640111862	0.3690638164609293
2.0137242498623893	0.3812333569905068
2.051162178825567	0.3937667169176564
2.089296130854041	0.40667251910721813
2.128139045982713	0.41995944722832457
2.167704104819696	0.433636235223743
2.2080047330189014	0.4477116558467892
2.2490546058357825	0.4621945082169081
2.290867652767775	0.4770936043437625
2.3334580622810046	0.4924177545685006
2.3768402866248786	0.5081757518698226
2.42102904673618	0.5243763549815288
2.466039337234341	0.5410282702674482
2.5118864315095824	0.5581401322990291
2.5585858869056466	0.5757204830804534
2.6061535499988966	0.5937777498659378
2.6546055619755404	0.6123202215139231
2.703958364108845	0.6313560233232048
2.7542287033381676	0.6508930902966819
2.805433637951715	0.6709391387794086
2.8575905433749482	0.6915016364190139
2.9107171180666067	0.7125877703983688
2.9648313895243437	0.7342044138926593
3.0199517204020174	0.7563580907058284
3.0760968147407097	0.7790549380447132
3.1332857243155874	0.8023006673931816
3.191537855100763	0.826100523453214
3.2508729738543454	0.850459241125239
3.311311214825913	0.8753810005061681
3.3728730865886907	0.9008693798905424
3.4355794789987484	0.9269273067680572
3.499451670283575	0.9535570068195328
3.5645113342624444	0.9807599509232137
3.6307805477010158	1.0085368001941402
3.6982817978026645	1.0368873490913353
3.7670379898390913	1.065810466640723
3.83707245492279	1.0953040358360737
3.908408957924023	1.1253648912959666
3.9810717055349754	1.1559887552717447
4.055085354483841	1.1871701721197907
4.130475019901617	1.2189024413712086
4.207266283844444	1.2511775495531463
4.285485203974399	1.2839861009385822
4.365158322401663	1.3173172474254027
4.44631267469109	1.3511586177710209
4.528975799036211	1.38549624643558
4.613175745603797	1.4203145023149086
4.698941086052156	1.4555960176738016
4.786300923226385	1.4913216176207467
4.875284901033865	1.5274702504968423
4.965923214503363	1.5640189195841971
5.0582466200311424	1.6009426165723732
5.152286445817567	1.638214257255237
5.248074602497728	1.675804619964726
5.3456435939697196	1.7136822872821755
5.445026528424214	1.7518135916017108
5.54625712957911	1.7901625651534598
5.6493697481230285	1.8286908951265504
5.754399373371572	1.867357884562636
5.86138164514029	1.9061204197195198
5.970352865838372	1.9449329446308892
6.0813500127871825	1.9837474436115887
6.194410750767818	2.0225134324777105
6.309573444801936	2.0611779592664794
6.4268771731702	2.099685615251692
6.5463617406727534	2.1379785570557823
6.668067692136225	2.1759965406586677
6.79203632617185	2.2136769680956294
6.918309709189369	2.250954947621025
7.046930689671474	2.2877633680907357
7.177942912713623	2.3240329882833812
7.31139083483418	2.3596925418377603
7.447319739059896	2.3946688584310754
7.585775750291844	2.4288870017587993
7.726805850957029	2.4622704248019844
7.870457896950993	2.494741142781066
8.016780633876797	2.5262199240965284
8.165823713585931	2.5566264994459638
8.317637711026713	2.5858797891841725
8.472274141405968	2.6138981488581363
8.629785477669706	2.6405996327022656
8.790225168308847	2.665902274721988
8.953647655495942	2.6897243868260183
9.120108393559102	2.711984873290722
9.289663867799367	2.73260356065499
9.462371613657934	2.75150154195236
9.63829023623971	2.768601533990492
9.81747943019985	2.7838282461884134
10.000000000000005	2.797108759281325
10.185913880541175	2.808372912003433
10.375284158180131	2.8175536936639074
10.56817509213659	2.8245876403422088
10.764652136298356	2.829415232249494
10.964781961431857	2.831981289635572
11.168632477805618	2.832235364468805
11.376272858234316	2.8301321249823492
11.587773561551268	2.8256317300673115
11.803206356517304	2.818700190404314
12.022644346174138	2.809309713162461
12.246161992650496	2.797439027061231
12.473835142429438	2.783073684588434
12.705741052085425	2.766206338198184
12.94195841449987	2.7468369873781637
13.18256738556408	2.7249731935764943
13.427649611378648	2.700630260115956
13.677288255958501	2.6738313743972384
13.931568029453043	2.6446077099029663
14.190575216890933	2.612998485759717
14.454397707459288	2.5790509818945053
14.723125024327201	2.542820508133436
14.996848355023747	2.504370325930964
15.27566058238074	2.463771521785343
15.559656316050757	2.421102831786146
15.848931924611149	2.3764504171491203
16.14358556826488	2.329907591018136
16.443717232149332	2.281574497248753
16.74942876026439	2.231557742328449
17.06082389003125	2.1799699820296907
17.37800828749377	2.1269294648287396
17.70108958317423	2.0725595345503325
18.03017740859571	2.016988095110988
18.365383433483483	1.960347040626797
18.706821403658026	1.9027716545203899
19.05460717963249	1.8443999816016794
19.408858775927804	1.7853721774039535
19.76969640111863	1.725829839326876
20.137242498623905	1.665915324367578
20.511621788255656	1.6057710584072598
20.892961308540396	1.545538842160974
21.281390459827122	1.4853591589905863
21.67704104819695	1.4253704898234976
22.080047330189004	1.3657086404119263
22.490546058357815	1.3065060861085147
22.908676527677734	1.2478913392239839
23.334580622810034	1.1899883438720062
23.76840286624877	1.1329159029964495
24.210290467361787	1.076787142018253
24.6603933723434	1.0217090132354931
25.11886431509581	0.9677818447632394
25.585858869056466	0.915098937412571
26.061535499988963	0.8637462124841682
26.546055619755403	0.8138019129949878
27.03958364108845	0.7653363603711265
27.542287033381676	0.718411768130663
28.054336379517146	0.6730821135521645
28.57590543374948	0.6293930677830312
29.107171180666064	0.5873819842925885
29.648313895243437	0.5470779450238021
30.199517204020175	0.5085018630507592
30.760968147407095	0.4716666400129426
31.33285724315587	0.4365773760781288
31.91537855100763	0.4032316296898348
32.50872973854346	0.3716197238888286
33.11311214825913	0.341725095567409
33.72873086588691	0.31352468362572183
34.355794789987485	0.2869893516567284
34.994516702835746	0.2620843404955119
35.64511334262445	0.23876974573372192
36.307805477010156	0.21700101512478356
36.982817978026645	0.19672946069284553
37.67037989839091	0.17790278031033904
38.3707245492279	0.16046558352641768
39.08408957924023	0.14435991651147728
39.810717055349755	0.12952578113033228
40.55085354483841	0.11590164336627541
41.30475019901617	0.10342492658694478
42.072662838444444	0.09203248546636354
42.85485203974399	0.08166105675037942
43.65158322401663	0.07224768346881347
44.46312674691091	0.06373010964987025
45.28975799036211	0.05604714307303663
46.13175745603798	0.04913898409756031
46.98941086052158	0.04294751911601349
47.86300923226388	0.03741657769762916
48.75284901033868	0.03249215299527379
49.659232145033656	0.028122585484520943
50.58246620031145	0.024258710575187605
51.5228644581757	0.02085397107733109
52.48074602497731	0.017864495908313068
53.456435939697215	0.015249146789270335
54.45026528424217	0.012969534993397962
55.46257129579113	0.010990010471202271
56.49369748123031	0.009277625886899336
57.54399373371575	0.007802078254237441
58.61381645140293	0.006535630959279888
59.70352865838375	0.0054530190033669134
60.813500127871855	0.0045313402939829535
61.94410750767821	0.003749935758016985
63.09573444801939	0.0030902609552387753
64.26877173170203	0.002535751734786724
65.46361740672751	0.0020716863097073553
66.68067692136222	0.0016850459301283507
67.92036326171846	0.0013643761207215582
69.18309709189366	0.001099650218978765
70.46930689671471	0.0008821367136007052
71.77942912713618	0.0007042716427984139
73.11390834834177	0.0005595370758989327
74.47319739059893	0.0004423464731461428
75.8577575029184	0.00034793750215599424
77.26805850957025	0.00027227268857644803
78.70457896950988	0.00021194809582036526
80.16780633876793	0.00016411006623487007
81.65823713585927	0.00012637991495465789
83.17637711026713	0.00009678634847331976
84.72274141405967	0.0000737052825309085
86.29785477669706	0.00005580665756907387
87.90225168308847	0.00004200779358091529
89.53647655495942	0.00003143278813071002
91.20108393559102	0.000023377439799705907
92.89663867799368	0.00001727917229507364
94.62371613657935	0.000012691439802461433
96.3829023623971	9.262109708656023e-6
98.17479430199849	6.715342459559088e-6
100.	4.836518049947211e-6
101.85913880541169	3.459792622936104e-6
103.75284158180126	2.457905239093456e-6
105.68175092136585	1.7338926234533956e-6
107.64652136298349	1.2144074053978764e-6
109.64781961431851	8.443720508275082e-7
111.68632477805612	5.827355869669858e-7
113.7627285823431	3.9913278081170524e-7
115.87773561551262	2.712752804745825e-7
118.03206356517298	1.8293115356037946e-7
120.22644346174131	1.223731831543917e-7
122.4616199265049	8.119724538372096e-8
124.73835142429432	5.343021365177946e-8
127.05741052085419	3.486229688862032e-8
129.41958414499862	2.2551747638147467e-8
131.82567385564073	1.4460719636576841e-8
134.2764961137864	9.189972029201726e-9
136.77288255958496	5.787364259640921e-9
139.31568029453035	3.610906249848116e-9
141.90575216890926	2.2317494088408283e-9
144.5439770745928	1.3661303026628193e-9
147.23125024327194	8.280919121834162e-10
149.9684835502374	4.96964628414606e-10
152.75660582380732	2.952244044309829e-10
155.59656316050751	1.7357081197295275e-10
158.48931924611142	1.0097528648783586e-10
161.4358556826487	5.811419027456999e-11
164.43717232149325	3.308195298192293e-11
167.49428760264382	1.8623164551112382e-11
170.60823890031244	1.0365233918763904e-11
173.78008287493762	5.702643734229773e-12
177.0108958317422	3.1006403369355593e-12
180.301774085957	1.6657481487642424e-12
183.65383433483476	8.84001670022591e-13
187.06821403658017	4.633229712234024e-13
190.54607179632484	2.397733692635125e-13
194.08858775927794	1.2249036224966454e-13
197.6969640111862	6.175645240779208e-14
201.37242498623894	3.07210359167831e-14
205.11621788255667	1.507488947912026e-14
208.92961308540407	7.29502589823271e-15
212.81390459827134	3.4804994061954936e-15
216.77041048196963	1.6367555771152942e-15
220.80047330189015	7.584675774448184e-16
224.90546058357828	3.462440791411794e-16
229.08676527677747	1.556678203554236e-16
233.34580622810046	6.890698498500884e-17
237.68402866248783	3.002271993156514e-17
242.102904673618	1.2871564620402941e-17
246.60393372343412	5.428463543297099e-18
251.18864315095823	2.2514075825364708e-18
255.85858869056477	9.179685634279233e-19
260.61535499988975	3.678411712082045e-19
265.4605561975542	1.4481431954973118e-19
270.3958364108846	5.599361608764859e-20
275.4228703338169	2.125670261266347e-20
280.5433637951716	7.920187912894166e-21
285.75905433749494	2.8953852746289937e-21
291.0717118066608	1.0381373031133414e-21
296.48313895243456	3.649423018317379e-22
301.9951720402019	1.2573468444042679e-22
307.6096814740711	4.244094085499576e-23
313.3285724315589	1.402970198405228e-23
319.1537855100765	4.5402196790423995e-24
325.08729738543474	1.4378003122693719e-24
331.1311214825914	4.453881752183787e-25
337.2873086588692	1.3490220817060709e-25
343.557947899875	3.9935419836529576e-26
349.9451670283577	1.1549719848151336e-26
356.4511334262446	3.261898092843162e-27
363.07805477010174	8.992145272077066e-28
369.8281797802666	2.4185490837073835e-28
376.7037989839093	6.343752192969094e-29
383.70724549227924	1.6219392183958662e-29
390.8408957924025	4.0402997154055825e-30
398.1071705534977	9.801058386483063e-31
405.50853544838435	2.3141877475382467e-31
413.0475019901619	5.315844595666343e-32
420.7266283844446	1.1873310697258561e-32
428.5485203974401	2.5773353151464303e-33
436.51583224016656	5.434242451738901e-34
444.6312674691093	1.1123494980478024e-34
452.89757990362136	2.209217567159252e-35
461.31757456038	4.254877338362093e-36
469.89410860521605	7.942162389895662e-37
478.63009232263903	1.4359550924657641e-37
487.528490103387	2.513250903538255e-38
496.5923214503368	4.255606461048965e-39
505.8246620031148	6.967076001909894e-40
515.2286445817572	1.1021253704969676e-40
524.8074602497734	1.68354853912042e-41
534.5643593969725	2.4817163973924303e-42
544.502652842422	3.5279542906791135e-43
554.6257129579116	4.83331522059326e-44
564.9369748123034	6.377056944047949e-45
575.4399373371579	8.097380759839847e-46
586.1381645140297	9.88799767429154e-47
597.0352865838378	1.1603696440677118e-47
608.1350012787188	1.307637571384618e-48
619.4410750767825	1.414015915984537e-49
630.9573444801943	1.4661008551014892e-50
642.6877173170208	1.4563863783669062e-51
654.6361740672761	1.3849906500617086e-52
666.8067692136233	1.2598602649385838e-53
679.2036326171857	1.0953287951505879e-54
691.8309709189363	9.093851036621792e-56
704.6930689671467	7.203775904281496e-57
717.7942912713615	5.44004489366225e-58
731.1390834834173	3.912808198001673e-59
744.7319739059889	2.678089575549235e-60
758.5775750291835	1.7426551967038665e-61
772.6805850957021	1.077059202411555e-62
787.0457896950985	6.316751001938968e-64
801.678063387679	3.5119685122326723e-65
816.5823713585922	1.8491786550569898e-66
831.7637711026708	9.211688519621201e-68
847.2274141405964	4.3369486110643185e-69
862.9785477669702	1.9277832063583954e-70
879.0225168308842	8.081588742279611e-72
895.3647655495937	3.191736705578276e-73
912.0108393559096	1.1862260531058398e-74
928.9663867799363	4.1440722777777664e-76
946.237161365793	1.3592736601548208e-77
963.8290236239706	4.181163593732809e-79
981.7479430199844	1.2047019052265752e-80
1000.	3.2473273567539736e-82
