0.000205	3.04E-06
0.000615	8.83E-06
0.001025	1.46E-05
0.001435	2.26E-05
0.001845	3.37E-05
0.002255	4.70E-05
0.002665	6.25E-05
0.003075	8.02E-05
0.003485	1.00E-04
0.003895	1.22E-04
0.004305	1.46E-04
0.004715	1.72E-04
0.005125	2.00E-04
0.005535	2.31E-04
0.005945	2.63E-04
0.006355	2.97E-04
0.006765	3.33E-04
0.007175	3.72E-04
0.007585	4.12E-04
0.007995	4.53E-04
0.008405	4.97E-04
0.008815	5.42E-04
0.009225	5.90E-04
0.009635	6.38E-04
0.010045	6.89E-04
0.010455	7.41E-04
0.010865	7.94E-04
0.011275	8.49E-04
0.011685	9.05E-04
0.012095	9.63E-04
0.0125	1.02E-03
0.012905	1.08E-03
0.013315	1.14E-03
0.013725	1.21E-03
0.014135	1.27E-03
0.014545	1.34E-03
0.014955	1.40E-03
0.015365	1.47E-03
0.015775	1.54E-03
0.016185	1.60E-03
0.016595	1.67E-03
0.017005	1.74E-03
0.017415	1.81E-03
0.017825	1.88E-03
0.018235	1.96E-03
0.018645	2.03E-03
0.019055	2.10E-03
0.019465	2.17E-03
0.019875	2.25E-03
0.020285	2.32E-03
0.020695	2.39E-03
0.021105	2.46E-03
0.021515	2.54E-03
0.021925	2.61E-03
0.022335	2.68E-03
0.022745	2.76E-03
0.023155	2.83E-03
0.023565	2.90E-03
0.023975	2.97E-03
0.024385	3.04E-03
0.024795	3.12E-03
0.025205	3.19E-03
0.025615	3.26E-03
0.026025	3.32E-03
0.026435	3.39E-03
0.026845	3.46E-03
0.027255	3.53E-03
0.027665	3.59E-03
0.028075	3.66E-03
0.028485	3.72E-03
0.028895	3.79E-03
0.029305	3.85E-03
0.029715	3.91E-03
0.030125	3.97E-03
0.030535	4.03E-03
0.030945	4.09E-03
0.031355	4.15E-03
0.031765	4.20E-03
0.032175	4.26E-03
0.032585	4.31E-03
0.032995	4.36E-03
0.033405	4.41E-03
0.033815	4.46E-03
0.034225	4.51E-03
0.034635	4.55E-03
0.035045	4.60E-03
0.035455	4.64E-03
0.035865	4.68E-03
0.036275	4.72E-03
0.036685	4.76E-03
0.037095	4.80E-03
0.0375	4.83E-03
0.037905	4.87E-03
0.038315	4.90E-03
0.038725	4.93E-03
0.039135	4.96E-03
0.039545	4.99E-03
0.039955	5.01E-03
0.040365	5.04E-03
0.040775	5.06E-03
0.041185	5.08E-03
0.041595	5.10E-03
0.042005	5.12E-03
0.042415	5.13E-03
0.042825	5.15E-03
0.043235	5.16E-03
0.043645	5.17E-03
0.044055	5.18E-03
0.044465	5.19E-03
0.044875	5.20E-03
0.045285	5.20E-03
0.045695	5.21E-03
0.046105	5.21E-03
0.046515	5.21E-03
0.046925	5.21E-03
0.047335	5.21E-03
0.047745	5.20E-03
0.048155	5.20E-03
0.048565	5.19E-03
0.048975	5.18E-03
0.049385	5.17E-03
0.049795	5.16E-03
0.050205	5.15E-03
0.050615	5.14E-03
0.051025	5.12E-03
0.051435	5.10E-03
0.051845	5.09E-03
0.052255	5.07E-03
0.052665	5.05E-03
0.053075	5.03E-03
0.053485	5.01E-03
0.053895	4.98E-03
0.054305	4.96E-03
0.054715	4.94E-03
0.055125	4.91E-03
0.055535	4.88E-03
0.055945	4.85E-03
0.056355	4.82E-03
0.056765	4.79E-03
0.057175	4.76E-03
0.057585	4.73E-03
0.057995	4.70E-03
0.058405	4.67E-03
0.058815	4.63E-03
0.059225	4.60E-03
0.059635	4.56E-03
0.060045	4.53E-03
0.060455	4.49E-03
0.060865	4.45E-03
0.061275	4.41E-03
0.061685	4.38E-03
0.062095	4.34E-03
0.0625	4.30E-03
0.062905	4.26E-03
0.063315	4.22E-03
0.063725	4.18E-03
0.064135	4.13E-03
0.064545	4.09E-03
0.064955	4.05E-03
0.065365	4.01E-03
0.065775	3.96E-03
0.066185	3.92E-03
0.066595	3.88E-03
0.067005	3.84E-03
0.067415	3.79E-03
0.067825	3.75E-03
0.068235	3.70E-03
0.068645	3.66E-03
0.069055	3.62E-03
0.069465	3.57E-03
0.069875	3.53E-03
0.070285	3.48E-03
0.070695	3.44E-03
0.071105	3.39E-03
0.071515	3.35E-03
0.071925	3.30E-03
0.072335	3.26E-03
0.072745	3.22E-03
0.073155	3.17E-03
0.073565	3.13E-03
0.073975	3.08E-03
0.074385	3.04E-03
0.074795	3.00E-03
0.075205	2.95E-03
0.075615	2.91E-03
0.076025	2.87E-03
0.076435	2.82E-03
0.076845	2.78E-03
0.077255	2.74E-03
0.077665	2.69E-03
0.078075	2.65E-03
0.078485	2.61E-03
0.078895	2.57E-03
0.079305	2.53E-03
0.079715	2.49E-03
0.080125	2.45E-03
0.080535	2.41E-03
0.080945	2.37E-03
0.081355	2.33E-03
0.081765	2.29E-03
0.082175	2.25E-03
0.082585	2.21E-03
0.082995	2.17E-03
0.083405	2.13E-03
0.083815	2.10E-03
0.084225	2.06E-03
0.084635	2.02E-03
0.085045	1.99E-03
0.085455	1.95E-03
0.085865	1.91E-03
0.086275	1.88E-03
0.086685	1.84E-03
0.087095	1.81E-03
0.0875	1.78E-03
0.087905	1.74E-03
0.088315	1.71E-03
0.088725	1.68E-03
0.089135	1.64E-03
0.089545	1.61E-03
0.089955	1.58E-03
0.090365	1.55E-03
0.090775	1.52E-03
0.091185	1.49E-03
0.091595	1.46E-03
0.092005	1.43E-03
0.092415	1.40E-03
0.092825	1.37E-03
0.093235	1.34E-03
0.093645	1.32E-03
0.094055	1.29E-03
0.094465	1.26E-03
0.094875	1.24E-03
0.095285	1.21E-03
0.095695	1.18E-03
0.096105	1.16E-03
0.096515	1.13E-03
0.096925	1.11E-03
0.097335	1.09E-03
0.097745	1.06E-03
0.098155	1.04E-03
0.098565	1.02E-03
0.098975	9.94E-04
0.099385	9.72E-04
0.099795	9.51E-04
0.100205	9.29E-04
0.100615	9.09E-04
0.101025	8.88E-04
0.101435	8.68E-04
0.101845	8.48E-04
0.102255	8.29E-04
0.102665	8.10E-04
0.103075	7.91E-04
0.103485	7.73E-04
0.103895	7.55E-04
0.104305	7.37E-04
0.104715	7.20E-04
0.105125	7.03E-04
0.105535	6.86E-04
0.105945	6.70E-04
0.106355	6.54E-04
0.106765	6.38E-04
0.107175	6.23E-04
0.107585	6.08E-04
0.107995	5.93E-04
0.108405	5.79E-04
0.108815	5.65E-04
0.109225	5.51E-04
0.109635	5.37E-04
0.110045	5.24E-04
0.110455	5.11E-04
0.110865	4.98E-04
0.111275	4.86E-04
0.111685	4.74E-04
0.112095	4.62E-04
0.1125	4.50E-04
0.112905	4.39E-04
0.113315	4.28E-04
0.113725	4.17E-04
0.114135	4.06E-04
0.114545	3.96E-04
0.114955	3.85E-04
0.115365	3.75E-04
0.115775	3.66E-04
0.116185	3.56E-04
0.116595	3.47E-04
0.117005	3.38E-04
0.117415	3.29E-04
0.117825	3.20E-04
0.118235	3.12E-04
0.118645	3.03E-04
0.119055	2.95E-04
0.119465	2.87E-04
0.119875	2.80E-04
0.120285	2.72E-04
0.120695	2.65E-04
0.121105	2.58E-04
0.121515	2.51E-04
0.121925	2.44E-04
0.122335	2.37E-04
0.122745	2.31E-04
0.123155	2.24E-04
0.123565	2.18E-04
0.123975	2.12E-04
0.124385	2.06E-04
0.124795	2.01E-04
0.125205	1.95E-04
0.125615	1.90E-04
0.126025	1.84E-04
0.126435	1.79E-04
0.126845	1.74E-04
0.127255	1.70E-04
0.127665	1.65E-04
0.128075	1.60E-04
0.128485	1.56E-04
0.128895	1.52E-04
0.129305	1.48E-04
0.129715	1.44E-04
0.130125	1.41E-04
0.130535	1.37E-04
0.130945	1.34E-04
0.131355	1.32E-04
0.131765	1.29E-04
0.132175	1.27E-04
0.132585	1.26E-04
0.132995	1.24E-04
0.133405	1.24E-04
0.133815	1.24E-04
0.134225	1.25E-04
0.134635	1.26E-04
0.135045	1.28E-04
0.135455	1.31E-04
0.135865	1.35E-04
0.136275	1.40E-04
0.136685	1.47E-04
0.137095	1.54E-04
0.1375	1.63E-04
0.137905	1.74E-04
0.138315	1.86E-04
0.138725	1.99E-04
0.139135	2.15E-04
0.139545	2.32E-04
0.139955	2.52E-04
0.140365	2.73E-04
0.140775	2.97E-04
0.141185	3.22E-04
0.141595	3.51E-04
0.142005	3.81E-04
0.142415	4.14E-04
0.142825	4.49E-04
0.143235	4.86E-04
0.143645	5.26E-04
0.144055	5.68E-04
0.144465	6.13E-04
0.144875	6.60E-04
0.145285	7.08E-04
0.145695	7.59E-04
0.146105	8.13E-04
0.146515	8.68E-04
0.146925	9.26E-04
0.147335	9.84E-04
0.147745	1.04E-03
0.148155	1.11E-03
0.148565	1.17E-03
0.148975	1.23E-03
0.149385	1.30E-03
0.149795	1.36E-03
0.150205	1.43E-03
0.150615	1.49E-03
0.151025	1.56E-03
0.151435	1.62E-03
0.151845	1.69E-03
0.152255	1.75E-03
0.152665	1.82E-03
0.153075	1.88E-03
0.153485	1.94E-03
0.153895	2.00E-03
0.154305	2.06E-03
0.154715	2.12E-03
0.155125	2.17E-03
0.155535	2.22E-03
0.155945	2.27E-03
0.156355	2.32E-03
0.156765	2.37E-03
0.157175	2.41E-03
0.157585	2.45E-03
0.157995	2.49E-03
0.158405	2.53E-03
0.158815	2.56E-03
0.159225	2.59E-03
0.159635	2.62E-03
0.160045	2.64E-03
0.160455	2.66E-03
0.160865	2.68E-03
0.161275	2.70E-03
0.161685	2.71E-03
0.162095	2.72E-03
0.1625	2.73E-03
0.162905	2.73E-03
0.163315	2.74E-03
0.163725	2.74E-03
0.164135	2.73E-03
0.164545	2.73E-03
0.164955	2.72E-03
0.165365	2.71E-03
0.165775	2.70E-03
0.166185	2.69E-03
0.166595	2.67E-03
0.167005	2.65E-03
0.167415	2.63E-03
0.167825	2.61E-03
0.168235	2.59E-03
0.168645	2.56E-03
0.169055	2.54E-03
0.169465	2.51E-03
0.169875	2.48E-03
0.170285	2.45E-03
0.170695	2.42E-03
0.171105	2.39E-03
0.171515	2.36E-03
0.171925	2.32E-03
0.172335	2.29E-03
0.172745	2.25E-03
0.173155	2.22E-03
0.173565	2.18E-03
0.173975	2.15E-03
0.174385	2.11E-03
0.174795	2.07E-03
0.175205	2.03E-03
0.175615	2.00E-03
0.176025	1.96E-03
0.176435	1.92E-03
0.176845	1.88E-03
0.177255	1.85E-03
0.177665	1.81E-03
0.178075	1.77E-03
0.178485	1.73E-03
0.178895	1.70E-03
0.179305	1.66E-03
0.179715	1.62E-03
0.180125	1.59E-03
0.180535	1.55E-03
0.180945	1.51E-03
0.181355	1.48E-03
0.181765	1.44E-03
0.182175	1.41E-03
0.182585	1.38E-03
0.182995	1.34E-03
0.183405	1.31E-03
0.183815	1.28E-03
0.184225	1.24E-03
0.184635	1.21E-03
0.185045	1.18E-03
0.185455	1.15E-03
0.185865	1.12E-03
0.186275	1.09E-03
0.186685	1.06E-03
0.187095	1.04E-03
0.1875	1.01E-03
0.187905	9.80E-04
0.188315	9.53E-04
0.188725	9.27E-04
0.189135	9.02E-04
0.189545	8.77E-04
0.189955	8.53E-04
0.190365	8.29E-04
0.190775	8.05E-04
0.191185	7.83E-04
0.191595	7.60E-04
0.192005	7.39E-04
0.192415	7.17E-04
0.192825	6.97E-04
0.193235	6.76E-04
0.193645	6.57E-04
0.194055	6.38E-04
0.194465	6.19E-04
0.194875	6.01E-04
0.195285	5.83E-04
0.195695	5.66E-04
0.196105	5.49E-04
0.196515	5.32E-04
0.196925	5.16E-04
0.197335	5.01E-04
0.197745	4.86E-04
0.198155	4.71E-04
0.198565	4.56E-04
0.198975	4.43E-04
0.199385	4.29E-04
0.199795	4.16E-04
0.200205	4.03E-04
0.200615	3.91E-04
0.201025	3.78E-04
0.201435	3.67E-04
0.201845	3.55E-04
0.202255	3.44E-04
0.202665	3.33E-04
0.203075	3.23E-04
0.203485	3.13E-04
0.203895	3.03E-04
0.204305	2.93E-04
0.204715	2.84E-04
0.205125	2.75E-04
0.205535	2.66E-04
0.205945	2.58E-04
0.206355	2.50E-04
0.206765	2.42E-04
0.207175	2.34E-04
0.207585	2.27E-04
0.207995	2.19E-04
0.208405	2.12E-04
0.208815	2.05E-04
0.209225	1.99E-04
0.209635	1.92E-04
0.210045	1.86E-04
0.210455	1.80E-04
0.210865	1.74E-04
0.211275	1.69E-04
0.211685	1.63E-04
0.212095	1.58E-04
0.2125	1.53E-04
0.212905	1.48E-04
0.213315	1.43E-04
0.213725	1.38E-04
0.214135	1.34E-04
0.214545	1.29E-04
0.214955	1.25E-04
0.215365	1.21E-04
0.215775	1.17E-04
0.216185	1.13E-04
0.216595	1.09E-04
0.217005	1.06E-04
0.217415	1.02E-04
0.217825	9.88E-05
0.218235	9.55E-05
0.218645	9.23E-05
0.219055	8.93E-05
0.219465	8.63E-05
0.219875	8.34E-05
0.220285	8.06E-05
0.220695	7.79E-05
0.221105	7.53E-05
0.221515	7.28E-05
0.221925	7.04E-05
0.222335	6.80E-05
0.222745	6.58E-05
0.223155	6.36E-05
0.223565	6.14E-05
0.223975	5.94E-05
0.224385	5.74E-05
0.224795	5.54E-05
0.225205	5.36E-05
0.225615	5.18E-05
0.226025	5.00E-05
0.226435	4.83E-05
0.226845	4.67E-05
0.227255	4.51E-05
0.227665	4.36E-05
0.228075	4.21E-05
0.228485	4.07E-05
0.228895	3.93E-05
0.229305	3.80E-05
0.229715	3.67E-05
0.230125	3.55E-05
0.230535	3.43E-05
0.230945	3.31E-05
0.231355	3.20E-05
0.231765	3.09E-05
0.232175	2.98E-05
0.232585	2.88E-05
0.232995	2.79E-05
0.233405	2.69E-05
0.233815	2.60E-05
0.234225	2.51E-05
0.234635	2.42E-05
0.235045	2.34E-05
0.235455	2.26E-05
0.235865	2.18E-05
0.236275	2.11E-05
0.236685	2.04E-05
0.237095	1.97E-05
0.2375	1.90E-05
0.237905	1.84E-05
0.238315	1.77E-05
0.238725	1.71E-05
0.239135	1.65E-05
0.239545	1.60E-05
0.239955	1.54E-05
0.240365	1.49E-05
0.240775	1.44E-05
0.241185	1.39E-05
0.241595	1.34E-05
0.242005	1.30E-05
0.242415	1.25E-05
0.242825	1.21E-05
0.243235	1.17E-05
0.243645	1.13E-05
0.244055	1.09E-05
0.244465	1.05E-05
0.244875	1.01E-05
0.245285	9.78E-06
0.245695	9.45E-06
0.246105	9.12E-06
0.246515	8.81E-06
0.246925	8.50E-06
0.247335	8.21E-06
0.247745	7.93E-06
0.248155	7.66E-06
0.248565	7.40E-06
0.248975	7.14E-06
0.249385	6.89E-06
0.249795	6.65E-06
0.250205	6.42E-06
0.250615	6.19E-06
0.251025	5.98E-06
0.251435	5.78E-06
0.251845	5.58E-06
0.252255	5.38E-06
0.252665	5.20E-06
0.253075	5.02E-06
0.253485	4.84E-06
0.253895	4.67E-06
0.254305	4.51E-06
0.254715	4.35E-06
0.255125	4.20E-06
0.255535	4.06E-06
0.255945	3.92E-06
0.256355	3.78E-06
0.256765	3.65E-06
0.257175	3.52E-06
0.257585	3.40E-06
0.257995	3.28E-06
0.258405	3.17E-06
0.258815	3.06E-06
0.259225	2.95E-06
0.259635	2.85E-06
0.260045	2.75E-06
0.260455	2.65E-06
0.260865	2.56E-06
0.261275	2.47E-06
0.261685	2.39E-06
0.262095	2.30E-06
0.2625	2.22E-06
0.262905	2.15E-06
0.263315	2.07E-06
0.263725	2.00E-06
0.264135	1.93E-06
0.264545	1.86E-06
0.264955	1.80E-06
0.265365	1.73E-06
0.265775	1.67E-06
0.266185	1.61E-06
0.266595	1.56E-06
0.267005	1.50E-06
0.267415	1.45E-06
0.267825	1.40E-06
0.268235	1.35E-06
0.268645	1.31E-06
0.269055	1.26E-06
0.269465	1.22E-06
0.269875	1.17E-06
0.270285	1.13E-06
0.270695	1.09E-06
0.271105	1.05E-06
0.271515	1.02E-06
0.271925	9.82E-07
0.272335	9.48E-07
0.272745	9.15E-07
0.273155	8.83E-07
0.273565	8.52E-07
0.273975	8.22E-07
0.274385	7.93E-07
0.274795	7.65E-07
0.275205	7.38E-07
0.275615	7.12E-07
0.276025	6.88E-07
0.276435	6.64E-07
0.276845	6.41E-07
0.277255	6.18E-07
0.277665	5.97E-07
0.278075	5.76E-07
0.278485	5.55E-07
0.278895	5.35E-07
0.279305	5.16E-07
0.279715	4.98E-07
0.280125	4.81E-07
0.280535	4.65E-07
0.280945	4.48E-07
0.281355	4.33E-07
0.281765	4.18E-07
0.282175	4.03E-07
0.282585	3.89E-07
0.282995	3.75E-07
0.283405	3.61E-07
0.283815	3.49E-07
0.284225	3.37E-07
0.284635	3.25E-07
0.285045	3.14E-07
0.285455	3.03E-07
0.285865	2.92E-07
0.286275	2.82E-07
0.286685	2.72E-07
0.287095	2.62E-07
0.2875	2.53E-07
0.287905	2.44E-07
0.288315	2.35E-07
0.288725	2.27E-07
0.289135	2.19E-07
0.289545	2.12E-07
0.289955	2.04E-07
0.290365	1.97E-07
0.290775	1.90E-07
0.291185	1.84E-07
0.291595	1.77E-07
0.292005	1.71E-07
0.292415	1.65E-07
0.292825	1.59E-07
0.293235	1.53E-07
0.293645	1.48E-07
0.294055	1.43E-07
0.294465	1.38E-07
0.294875	1.33E-07
0.295285	1.28E-07
0.295695	1.24E-07
0.296105	1.20E-07
0.296515	1.15E-07
0.296925	1.11E-07
0.297335	1.07E-07
0.297745	1.03E-07
0.298155	9.99E-08
0.298565	9.64E-08
0.298975	9.31E-08
0.299385	8.98E-08
0.299795	8.67E-08
0.300205	8.36E-08
0.300615	8.07E-08
0.301025	7.78E-08
0.301435	7.50E-08
0.301845	7.23E-08
0.302255	6.97E-08
0.302665	6.73E-08
0.303075	6.50E-08
0.303485	6.28E-08
0.303895	6.06E-08
0.304305	5.85E-08
0.304715	5.64E-08
0.305125	5.45E-08
0.305535	5.25E-08
0.305945	5.07E-08
0.306355	4.88E-08
0.306765	4.71E-08
0.307175	4.54E-08
0.307585	4.38E-08
0.307995	4.23E-08
0.308405	4.09E-08
0.308815	3.94E-08
0.309225	3.81E-08
0.309635	3.67E-08
0.310045	3.54E-08
0.310455	3.42E-08
0.310865	3.30E-08
0.311275	3.18E-08
0.311685	3.07E-08
0.312095	2.96E-08
0.3125	2.85E-08
0.312905	2.76E-08
0.313315	2.66E-08
0.313725	2.57E-08
0.314135	2.48E-08
0.314545	2.39E-08
0.314955	2.31E-08
0.315365	2.22E-08
0.315775	2.15E-08
0.316185	2.07E-08
0.316595	2.00E-08
0.317005	1.93E-08
0.317415	1.86E-08
0.317825	1.79E-08
0.318235	1.73E-08
0.318645	1.67E-08
0.319055	1.61E-08
0.319465	1.56E-08
0.319875	1.50E-08
0.320285	1.45E-08
0.320695	1.40E-08
0.321105	1.35E-08
0.321515	1.30E-08
0.321925	1.26E-08
0.322335	1.21E-08
0.322745	1.17E-08
0.323155	1.13E-08
0.323565	1.09E-08
0.323975	1.05E-08
0.324385	1.01E-08
0.324795	9.77E-09
0.325205	9.43E-09
0.325615	9.10E-09
0.326025	8.78E-09
0.326435	8.47E-09
0.326845	8.17E-09
0.327255	7.89E-09