0.000205	4.00E-06
0.000615	1.16E-05
0.001025	1.92E-05
0.001435	2.97E-05
0.001845	4.43E-05
0.002255	6.18E-05
0.002665	8.22E-05
0.003075	1.06E-04
0.003485	1.32E-04
0.003895	1.60E-04
0.004305	1.92E-04
0.004715	2.27E-04
0.005125	2.64E-04
0.005535	3.03E-04
0.005945	3.46E-04
0.006355	3.91E-04
0.006765	4.39E-04
0.007175	4.89E-04
0.007585	5.41E-04
0.007995	5.96E-04
0.008405	6.54E-04
0.008815	7.13E-04
0.009225	7.75E-04
0.009635	8.40E-04
0.010045	9.06E-04
0.010455	9.74E-04
0.010865	1.05E-03
0.011275	1.12E-03
0.011685	1.19E-03
0.012095	1.27E-03
0.0125	1.35E-03
0.012905	1.42E-03
0.013315	1.51E-03
0.013725	1.59E-03
0.014135	1.67E-03
0.014545	1.76E-03
0.014955	1.84E-03
0.015365	1.93E-03
0.015775	2.02E-03
0.016185	2.11E-03
0.016595	2.20E-03
0.017005	2.29E-03
0.017415	2.39E-03
0.017825	2.48E-03
0.018235	2.57E-03
0.018645	2.67E-03
0.019055	2.76E-03
0.019465	2.86E-03
0.019875	2.95E-03
0.020285	3.05E-03
0.020695	3.15E-03
0.021105	3.24E-03
0.021515	3.34E-03
0.021925	3.43E-03
0.022335	3.53E-03
0.022745	3.63E-03
0.023155	3.72E-03
0.023565	3.82E-03
0.023975	3.91E-03
0.024385	4.00E-03
0.024795	4.10E-03
0.025205	4.19E-03
0.025615	4.28E-03
0.026025	4.37E-03
0.026435	4.46E-03
0.026845	4.55E-03
0.027255	4.64E-03
0.027665	4.73E-03
0.028075	4.81E-03
0.028485	4.90E-03
0.028895	4.98E-03
0.029305	5.06E-03
0.029715	5.14E-03
0.030125	5.22E-03
0.030535	5.30E-03
0.030945	5.38E-03
0.031355	5.45E-03
0.031765	5.53E-03
0.032175	5.60E-03
0.032585	5.67E-03
0.032995	5.73E-03
0.033405	5.80E-03
0.033815	5.86E-03
0.034225	5.93E-03
0.034635	5.99E-03
0.035045	6.05E-03
0.035455	6.10E-03
0.035865	6.16E-03
0.036275	6.21E-03
0.036685	6.26E-03
0.037095	6.31E-03
0.0375	6.36E-03
0.037905	6.40E-03
0.038315	6.44E-03
0.038725	6.48E-03
0.039135	6.52E-03
0.039545	6.56E-03
0.039955	6.59E-03
0.040365	6.62E-03
0.040775	6.65E-03
0.041185	6.68E-03
0.041595	6.71E-03
0.042005	6.73E-03
0.042415	6.75E-03
0.042825	6.77E-03
0.043235	6.79E-03
0.043645	6.80E-03
0.044055	6.82E-03
0.044465	6.83E-03
0.044875	6.84E-03
0.045285	6.84E-03
0.045695	6.85E-03
0.046105	6.85E-03
0.046515	6.85E-03
0.046925	6.85E-03
0.047335	6.85E-03
0.047745	6.84E-03
0.048155	6.83E-03
0.048565	6.83E-03
0.048975	6.82E-03
0.049385	6.80E-03
0.049795	6.79E-03
0.050205	6.77E-03
0.050615	6.76E-03
0.051025	6.74E-03
0.051435	6.72E-03
0.051845	6.69E-03
0.052255	6.67E-03
0.052665	6.64E-03
0.053075	6.61E-03
0.053485	6.59E-03
0.053895	6.56E-03
0.054305	6.52E-03
0.054715	6.49E-03
0.055125	6.46E-03
0.055535	6.42E-03
0.055945	6.38E-03
0.056355	6.35E-03
0.056765	6.31E-03
0.057175	6.27E-03
0.057585	6.23E-03
0.057995	6.18E-03
0.058405	6.14E-03
0.058815	6.09E-03
0.059225	6.05E-03
0.059635	6.00E-03
0.060045	5.95E-03
0.060455	5.91E-03
0.060865	5.86E-03
0.061275	5.81E-03
0.061685	5.76E-03
0.062095	5.70E-03
0.0625	5.65E-03
0.062905	5.60E-03
0.063315	5.55E-03
0.063725	5.49E-03
0.064135	5.44E-03
0.064545	5.38E-03
0.064955	5.33E-03
0.065365	5.27E-03
0.065775	5.22E-03
0.066185	5.16E-03
0.066595	5.10E-03
0.067005	5.05E-03
0.067415	4.99E-03
0.067825	4.93E-03
0.068235	4.87E-03
0.068645	4.81E-03
0.069055	4.76E-03
0.069465	4.70E-03
0.069875	4.64E-03
0.070285	4.58E-03
0.070695	4.52E-03
0.071105	4.46E-03
0.071515	4.41E-03
0.071925	4.35E-03
0.072335	4.29E-03
0.072745	4.23E-03
0.073155	4.17E-03
0.073565	4.11E-03
0.073975	4.06E-03
0.074385	4.00E-03
0.074795	3.94E-03
0.075205	3.88E-03
0.075615	3.83E-03
0.076025	3.77E-03
0.076435	3.71E-03
0.076845	3.66E-03
0.077255	3.60E-03
0.077665	3.55E-03
0.078075	3.49E-03
0.078485	3.43E-03
0.078895	3.38E-03
0.079305	3.33E-03
0.079715	3.27E-03
0.080125	3.22E-03
0.080535	3.17E-03
0.080945	3.11E-03
0.081355	3.06E-03
0.081765	3.01E-03
0.082175	2.96E-03
0.082585	2.91E-03
0.082995	2.86E-03
0.083405	2.81E-03
0.083815	2.76E-03
0.084225	2.71E-03
0.084635	2.66E-03
0.085045	2.61E-03
0.085455	2.57E-03
0.085865	2.52E-03
0.086275	2.47E-03
0.086685	2.43E-03
0.087095	2.38E-03
0.0875	2.34E-03
0.087905	2.29E-03
0.088315	2.25E-03
0.088725	2.21E-03
0.089135	2.16E-03
0.089545	2.12E-03
0.089955	2.08E-03
0.090365	2.04E-03
0.090775	2.00E-03
0.091185	1.96E-03
0.091595	1.92E-03
0.092005	1.88E-03
0.092415	1.84E-03
0.092825	1.81E-03
0.093235	1.77E-03
0.093645	1.73E-03
0.094055	1.70E-03
0.094465	1.66E-03
0.094875	1.63E-03
0.095285	1.59E-03
0.095695	1.56E-03
0.096105	1.53E-03
0.096515	1.49E-03
0.096925	1.46E-03
0.097335	1.43E-03
0.097745	1.40E-03
0.098155	1.37E-03
0.098565	1.34E-03
0.098975	1.31E-03
0.099385	1.28E-03
0.099795	1.25E-03
0.100205	1.22E-03
0.100615	1.20E-03
0.101025	1.17E-03
0.101435	1.14E-03
0.101845	1.12E-03
0.102255	1.09E-03
0.102665	1.07E-03
0.103075	1.04E-03
0.103485	1.02E-03
0.103895	9.95E-04
0.104305	9.71E-04
0.104715	9.49E-04
0.105125	9.26E-04
0.105535	9.05E-04
0.105945	8.83E-04
0.106355	8.62E-04
0.106765	8.41E-04
0.107175	8.21E-04
0.107585	8.02E-04
0.107995	7.82E-04
0.108405	7.63E-04
0.108815	7.45E-04
0.109225	7.26E-04
0.109635	7.09E-04
0.110045	6.91E-04
0.110455	6.74E-04
0.110865	6.57E-04
0.111275	6.41E-04
0.111685	6.25E-04
0.112095	6.09E-04
0.1125	5.94E-04
0.112905	5.79E-04
0.113315	5.64E-04
0.113725	5.50E-04
0.114135	5.36E-04
0.114545	5.22E-04
0.114955	5.09E-04
0.115365	4.96E-04
0.115775	4.83E-04
0.116185	4.70E-04
0.116595	4.58E-04
0.117005	4.46E-04
0.117415	4.34E-04
0.117825	4.23E-04
0.118235	4.12E-04
0.118645	4.01E-04
0.119055	3.90E-04
0.119465	3.80E-04
0.119875	3.70E-04
0.120285	3.60E-04
0.120695	3.50E-04
0.121105	3.41E-04
0.121515	3.32E-04
0.121925	3.23E-04
0.122335	3.14E-04
0.122745	3.05E-04
0.123155	2.97E-04
0.123565	2.89E-04
0.123975	2.81E-04
0.124385	2.73E-04
0.124795	2.66E-04
0.125205	2.58E-04
0.125615	2.51E-04
0.126025	2.44E-04
0.126435	2.37E-04
0.126845	2.31E-04
0.127255	2.24E-04
0.127665	2.18E-04
0.128075	2.12E-04
0.128485	2.06E-04
0.128895	2.00E-04
0.129305	1.94E-04
0.129715	1.89E-04
0.130125	1.84E-04
0.130535	1.78E-04
0.130945	1.73E-04
0.131355	1.68E-04
0.131765	1.63E-04
0.132175	1.59E-04
0.132585	1.54E-04
0.132995	1.50E-04
0.133405	1.45E-04
0.133815	1.41E-04
0.134225	1.37E-04
0.134635	1.33E-04
0.135045	1.29E-04
0.135455	1.25E-04
0.135865	1.21E-04
0.136275	1.18E-04
0.136685	1.14E-04
0.137095	1.11E-04
0.1375	1.08E-04
0.137905	1.04E-04
0.138315	1.01E-04
0.138725	9.80E-05
0.139135	9.50E-05
0.139545	9.21E-05
0.139955	8.93E-05
0.140365	8.65E-05
0.140775	8.39E-05
0.141185	8.12E-05
0.141595	7.87E-05
0.142005	7.62E-05
0.142415	7.38E-05
0.142825	7.14E-05
0.143235	6.91E-05
0.143645	6.69E-05
0.144055	6.47E-05
0.144465	6.26E-05
0.144875	6.05E-05
0.145285	5.85E-05
0.145695	5.66E-05
0.146105	5.46E-05
0.146515	5.28E-05
0.146925	5.10E-05
0.147335	4.92E-05
0.147745	4.75E-05
0.148155	4.58E-05
0.148565	4.42E-05
0.148975	4.26E-05
0.149385	4.10E-05
0.149795	3.95E-05
0.150205	3.81E-05
0.150615	3.66E-05
0.151025	3.52E-05
0.151435	3.39E-05
0.151845	3.26E-05
0.152255	3.13E-05
0.152665	3.01E-05
0.153075	2.89E-05
0.153485	2.77E-05
0.153895	2.66E-05
0.154305	2.55E-05
0.154715	2.45E-05
0.155125	2.35E-05
0.155535	2.25E-05
0.155945	2.15E-05
0.156355	2.06E-05
0.156765	1.97E-05
0.157175	1.88E-05
0.157585	1.80E-05
0.157995	1.72E-05
0.158405	1.64E-05
0.158815	1.57E-05
0.159225	1.50E-05
0.159635	1.43E-05
0.160045	1.36E-05
0.160455	1.30E-05
0.160865	1.24E-05
0.161275	1.18E-05
0.161685	1.12E-05
0.162095	1.07E-05
0.1625	1.02E-05
0.162905	9.67E-06
0.163315	9.20E-06
0.163725	8.75E-06
0.164135	8.31E-06
0.164545	7.89E-06
0.164955	7.50E-06
0.165365	7.12E-06
0.165775	6.76E-06
0.166185	6.41E-06
0.166595	6.09E-06
0.167005	5.77E-06
0.167415	5.48E-06
0.167825	5.19E-06
0.168235	4.92E-06
0.168645	4.67E-06
0.169055	4.42E-06
0.169465	4.19E-06
0.169875	3.97E-06
0.170285	3.76E-06
0.170695	3.57E-06
0.171105	3.38E-06
0.171515	3.20E-06
0.171925	3.03E-06
0.172335	2.87E-06
0.172745	2.72E-06
0.173155	2.58E-06
0.173565	2.44E-06
0.173975	2.32E-06
0.174385	2.19E-06
0.174795	2.08E-06
0.175205	1.97E-06
0.175615	1.87E-06
0.176025	1.77E-06
0.176435	1.68E-06
0.176845	1.60E-06
0.177255	1.51E-06
0.177665	1.44E-06
0.178075	1.36E-06
0.178485	1.30E-06
0.178895	1.23E-06
0.179305	1.17E-06
0.179715	1.11E-06
0.180125	1.06E-06
0.180535	1.00E-06
0.180945	9.55E-07
0.181355	9.08E-07
0.181765	8.65E-07
0.182175	8.23E-07
0.182585	7.84E-07
0.182995	7.47E-07
0.183405	7.12E-07
0.183815	6.79E-07
0.184225	6.47E-07
0.184635	6.17E-07
0.185045	5.89E-07
0.185455	5.62E-07
0.185865	5.37E-07
0.186275	5.13E-07
0.186685	4.90E-07
0.187095	4.69E-07
0.1875	4.48E-07
0.187905	4.29E-07
0.188315	4.10E-07
0.188725	3.92E-07
0.189135	3.76E-07
0.189545	3.60E-07
0.189955	3.44E-07
0.190365	3.30E-07
0.190775	3.16E-07
0.191185	3.03E-07
0.191595	2.91E-07
0.192005	2.79E-07
0.192415	2.67E-07
0.192825	2.56E-07
0.193235	2.46E-07
0.193645	2.36E-07
0.194055	2.27E-07
0.194465	2.18E-07
0.194875	2.09E-07
0.195285	2.01E-07
0.195695	1.93E-07
0.196105	1.85E-07
0.196515	1.78E-07
0.196925	1.71E-07
0.197335	1.65E-07
0.197745	1.58E-07
0.198155	1.52E-07
0.198565	1.46E-07
0.198975	1.41E-07
0.199385	1.35E-07
0.199795	1.30E-07
0.200205	1.25E-07
0.200615	1.20E-07
0.201025	1.16E-07
0.201435	1.11E-07
0.201845	1.07E-07
0.202255	1.03E-07
0.202665	9.93E-08
0.203075	9.55E-08
0.203485	9.19E-08
0.203895	8.85E-08
0.204305	8.52E-08
0.204715	8.20E-08
0.205125	7.89E-08
0.205535	7.60E-08
0.205945	7.31E-08
0.206355	7.04E-08
0.206765	6.78E-08
0.207175	6.53E-08
0.207585	6.28E-08
0.207995	6.05E-08
0.208405	5.83E-08
0.208815	5.61E-08
0.209225	5.40E-08
0.209635	5.20E-08
0.210045	5.01E-08
0.210455	4.82E-08
0.210865	4.64E-08
0.211275	4.47E-08
0.211685	4.31E-08
0.212095	4.15E-08
0.2125	3.99E-08
0.212905	3.85E-08
0.213315	3.70E-08
0.213725	3.57E-08
0.214135	3.43E-08
0.214545	3.31E-08
0.214955	3.18E-08
0.215365	3.07E-08
0.215775	2.95E-08
0.216185	2.84E-08
0.216595	2.74E-08
0.217005	2.64E-08
0.217415	2.54E-08
0.217825	2.44E-08
0.218235	2.35E-08
0.218645	2.27E-08
0.219055	2.18E-08
0.219465	2.10E-08
0.219875	2.02E-08
0.220285	1.95E-08
0.220695	1.88E-08
0.221105	1.81E-08
0.221515	1.74E-08
0.221925	1.68E-08
0.222335	1.61E-08
0.222745	1.55E-08
0.223155	1.50E-08
0.223565	1.44E-08
0.223975	1.39E-08
0.224385	1.33E-08
0.224795	1.29E-08
0.225205	1.24E-08
0.225615	1.19E-08
0.226025	1.15E-08
0.226435	1.10E-08
0.226845	1.06E-08
0.227255	1.02E-08
0.227665	9.85E-09
0.228075	9.48E-09
0.228485	9.13E-09
0.228895	8.79E-09
0.229305	8.46E-09
0.229715	8.14E-09
0.230125	7.84E-09
0.230535	7.55E-09
0.230945	7.27E-09
0.231355	6.99E-09
0.231765	6.73E-09
0.232175	6.48E-09
0.232585	6.24E-09
0.232995	6.00E-09
0.233405	5.78E-09
0.233815	5.56E-09
0.234225	5.35E-09
0.234635	5.15E-09
0.235045	4.96E-09
0.235455	4.77E-09
0.235865	4.60E-09
0.236275	4.42E-09
0.236685	4.26E-09
0.237095	4.10E-09
0.2375	3.94E-09
0.237905	3.80E-09
0.238315	3.65E-09
0.238725	3.52E-09
0.239135	3.38E-09
0.239545	3.26E-09
0.239955	3.13E-09
0.240365	3.02E-09
0.240775	2.90E-09
0.241185	2.79E-09
0.241595	2.69E-09
0.242005	2.59E-09
0.242415	2.49E-09
0.242825	2.40E-09
0.243235	2.31E-09
0.243645	2.22E-09
0.244055	2.14E-09
0.244465	2.06E-09
0.244875	1.98E-09
0.245285	1.90E-09
0.245695	1.83E-09
0.246105	1.76E-09
0.246515	1.69E-09
0.246925	1.63E-09
0.247335	1.57E-09
0.247745	1.51E-09
0.248155	1.45E-09
0.248565	1.40E-09
0.248975	1.35E-09
0.249385	1.30E-09
0.249795	1.25E-09
0.250205	1.20E-09
0.250615	1.15E-09
0.251025	1.11E-09
0.251435	1.07E-09
0.251845	1.03E-09
0.252255	9.88E-10
0.252665	9.51E-10
0.253075	9.14E-10
0.253485	8.80E-10
0.253895	8.46E-10
0.254305	8.14E-10
0.254715	7.83E-10
0.255125	7.53E-10
0.255535	7.25E-10
0.255945	6.97E-10
0.256355	6.71E-10
0.256765	6.46E-10
0.257175	6.21E-10
0.257585	5.98E-10
0.257995	5.75E-10
0.258405	5.53E-10
0.258815	5.32E-10
0.259225	5.11E-10
0.259635	4.92E-10
0.260045	4.73E-10
0.260455	4.55E-10
0.260865	4.38E-10
0.261275	4.21E-10
0.261685	4.05E-10
0.262095	3.90E-10
0.2625	3.75E-10
0.262905	3.61E-10
0.263315	3.47E-10
0.263725	3.34E-10
0.264135	3.21E-10
0.264545	3.09E-10
0.264955	2.97E-10
0.265365	2.86E-10
0.265775	2.75E-10
0.266185	2.64E-10
0.266595	2.54E-10
0.267005	2.45E-10
0.267415	2.35E-10
0.267825	2.26E-10
0.268235	2.18E-10
0.268645	2.10E-10
0.269055	2.02E-10
0.269465	1.94E-10
0.269875	1.87E-10
0.270285	1.79E-10
0.270695	1.72E-10
0.271105	1.66E-10
0.271515	1.59E-10
0.271925	1.53E-10
0.272335	1.48E-10
0.272745	1.42E-10
0.273155	1.37E-10
0.273565	1.31E-10
0.273975	1.26E-10
0.274385	1.21E-10
0.274795	1.17E-10
0.275205	1.12E-10
0.275615	1.08E-10
0.276025	1.04E-10
0.276435	1.00E-10
0.276845	9.62E-11
0.277255	9.25E-11
0.277665	8.90E-11
0.278075	8.56E-11
0.278485	8.23E-11
0.278895	7.91E-11
0.279305	7.60E-11
0.279715	7.31E-11
0.280125	7.03E-11
0.280535	6.77E-11
0.280945	6.51E-11
0.281355	6.27E-11
0.281765	6.03E-11
0.282175	5.79E-11
0.282585	5.57E-11
0.282995	5.35E-11
0.283405	5.14E-11
0.283815	4.94E-11
0.284225	4.76E-11
0.284635	4.58E-11
0.285045	4.41E-11
0.285455	4.24E-11
0.285865	4.08E-11
0.286275	3.92E-11
0.286685	3.77E-11
0.287095	3.62E-11
0.2875	3.48E-11
0.287905	3.35E-11
0.288315	3.22E-11
0.288725	3.10E-11
0.289135	2.98E-11
0.289545	2.87E-11
0.289955	2.76E-11
0.290365	2.66E-11
0.290775	2.55E-11
0.291185	2.45E-11
0.291595	2.36E-11
0.292005	2.27E-11
0.292415	2.18E-11
0.292825	2.09E-11
0.293235	2.02E-11
0.293645	1.94E-11
0.294055	1.87E-11
0.294465	1.80E-11
0.294875	1.73E-11
0.295285	1.66E-11
0.295695	1.60E-11
0.296105	1.54E-11
0.296515	1.48E-11
0.296925	1.42E-11
0.297335	1.36E-11
0.297745	1.31E-11
0.298155	1.26E-11
0.298565	1.22E-11
0.298975	1.17E-11
0.299385	1.13E-11
0.299795	1.08E-11
0.300205	1.04E-11
0.300615	1.00E-11
0.301025	9.61E-12
0.301435	9.24E-12
0.301845	8.87E-12
0.302255	8.52E-12
0.302665	8.20E-12
0.303075	7.90E-12
0.303485	7.60E-12
0.303895	7.32E-12
0.304305	7.04E-12
0.304715	6.77E-12
0.305125	6.51E-12
0.305535	6.26E-12
0.305945	6.02E-12
0.306355	5.78E-12
0.306765	5.55E-12
0.307175	5.34E-12
0.307585	5.13E-12
0.307995	4.94E-12
0.308405	4.76E-12
0.308815	4.58E-12
0.309225	4.40E-12
0.309635	4.23E-12
0.310045	4.07E-12
0.310455	3.92E-12
0.310865	3.76E-12
0.311275	3.62E-12
0.311685	3.48E-12
0.312095	3.34E-12
0.3125	3.21E-12
0.312905	3.09E-12
0.313315	2.98E-12
0.313725	2.86E-12
0.314135	2.75E-12
0.314545	2.65E-12
0.314955	2.55E-12
0.315365	2.45E-12
0.315775	2.35E-12
0.316185	2.26E-12
0.316595	2.17E-12
0.317005	2.09E-12
0.317415	2.01E-12
0.317825	1.94E-12
0.318235	1.86E-12
0.318645	1.79E-12
0.319055	1.72E-12
0.319465	1.66E-12
0.319875	1.59E-12
0.320285	1.53E-12
0.320695	1.47E-12
0.321105	1.42E-12
0.321515	1.36E-12
0.321925	1.31E-12
0.322335	1.26E-12
0.322745	1.21E-12
0.323155	1.17E-12
0.323565	1.12E-12
0.323975	1.08E-12
0.324385	1.04E-12
0.324795	9.98E-13
0.325205	9.60E-13
0.325615	9.23E-13
0.326025	8.88E-13
0.326435	8.53E-13
0.326845	8.21E-13
0.327255	7.90E-13