0.000205	1.89E-06
0.000615	5.50E-06
0.001025	9.11E-06
0.001435	1.41E-05
0.001845	2.10E-05
0.002255	2.93E-05
0.002665	3.89E-05
0.003075	5.00E-05
0.003485	6.23E-05
0.003895	7.61E-05
0.004305	9.12E-05
0.004715	1.08E-04
0.005125	1.25E-04
0.005535	1.44E-04
0.005945	1.65E-04
0.006355	1.86E-04
0.006765	2.09E-04
0.007175	2.34E-04
0.007585	2.59E-04
0.007995	2.86E-04
0.008405	3.14E-04
0.008815	3.43E-04
0.009225	3.73E-04
0.009635	4.05E-04
0.010045	4.38E-04
0.010455	4.72E-04
0.010865	5.07E-04
0.011275	5.43E-04
0.011685	5.80E-04
0.012095	6.18E-04
0.0125	6.58E-04
0.012905	6.98E-04
0.013315	7.39E-04
0.013725	7.82E-04
0.014135	8.25E-04
0.014545	8.69E-04
0.014955	9.14E-04
0.015365	9.61E-04
0.015775	1.01E-03
0.016185	1.06E-03
0.016595	1.10E-03
0.017005	1.15E-03
0.017415	1.20E-03
0.017825	1.25E-03
0.018235	1.31E-03
0.018645	1.36E-03
0.019055	1.41E-03
0.019465	1.46E-03
0.019875	1.52E-03
0.020285	1.57E-03
0.020695	1.63E-03
0.021105	1.68E-03
0.021515	1.74E-03
0.021925	1.80E-03
0.022335	1.85E-03
0.022745	1.91E-03
0.023155	1.97E-03
0.023565	2.03E-03
0.023975	2.09E-03
0.024385	2.15E-03
0.024795	2.20E-03
0.025205	2.26E-03
0.025615	2.32E-03
0.026025	2.38E-03
0.026435	2.44E-03
0.026845	2.50E-03
0.027255	2.56E-03
0.027665	2.62E-03
0.028075	2.68E-03
0.028485	2.74E-03
0.028895	2.80E-03
0.029305	2.86E-03
0.029715	2.92E-03
0.030125	2.98E-03
0.030535	3.04E-03
0.030945	3.09E-03
0.031355	3.15E-03
0.031765	3.21E-03
0.032175	3.27E-03
0.032585	3.33E-03
0.032995	3.38E-03
0.033405	3.44E-03
0.033815	3.50E-03
0.034225	3.55E-03
0.034635	3.61E-03
0.035045	3.66E-03
0.035455	3.72E-03
0.035865	3.77E-03
0.036275	3.83E-03
0.036685	3.88E-03
0.037095	3.93E-03
0.0375	3.98E-03
0.037905	4.03E-03
0.038315	4.08E-03
0.038725	4.13E-03
0.039135	4.18E-03
0.039545	4.23E-03
0.039955	4.27E-03
0.040365	4.32E-03
0.040775	4.37E-03
0.041185	4.41E-03
0.041595	4.46E-03
0.042005	4.50E-03
0.042415	4.54E-03
0.042825	4.58E-03
0.043235	4.62E-03
0.043645	4.66E-03
0.044055	4.70E-03
0.044465	4.74E-03
0.044875	4.77E-03
0.045285	4.81E-03
0.045695	4.84E-03
0.046105	4.88E-03
0.046515	4.91E-03
0.046925	4.94E-03
0.047335	4.97E-03
0.047745	5.00E-03
0.048155	5.03E-03
0.048565	5.06E-03
0.048975	5.08E-03
0.049385	5.11E-03
0.049795	5.13E-03
0.050205	5.16E-03
0.050615	5.18E-03
0.051025	5.20E-03
0.051435	5.22E-03
0.051845	5.24E-03
0.052255	5.26E-03
0.052665	5.27E-03
0.053075	5.29E-03
0.053485	5.30E-03
0.053895	5.32E-03
0.054305	5.33E-03
0.054715	5.34E-03
0.055125	5.35E-03
0.055535	5.36E-03
0.055945	5.37E-03
0.056355	5.38E-03
0.056765	5.38E-03
0.057175	5.39E-03
0.057585	5.39E-03
0.057995	5.39E-03
0.058405	5.40E-03
0.058815	5.40E-03
0.059225	5.40E-03
0.059635	5.40E-03
0.060045	5.40E-03
0.060455	5.39E-03
0.060865	5.39E-03
0.061275	5.38E-03
0.061685	5.38E-03
0.062095	5.37E-03
0.0625	5.36E-03
0.062905	5.36E-03
0.063315	5.35E-03
0.063725	5.34E-03
0.064135	5.33E-03
0.064545	5.31E-03
0.064955	5.30E-03
0.065365	5.29E-03
0.065775	5.27E-03
0.066185	5.26E-03
0.066595	5.24E-03
0.067005	5.23E-03
0.067415	5.21E-03
0.067825	5.19E-03
0.068235	5.17E-03
0.068645	5.15E-03
0.069055	5.13E-03
0.069465	5.11E-03
0.069875	5.09E-03
0.070285	5.07E-03
0.070695	5.04E-03
0.071105	5.02E-03
0.071515	5.00E-03
0.071925	4.97E-03
0.072335	4.94E-03
0.072745	4.92E-03
0.073155	4.89E-03
0.073565	4.87E-03
0.073975	4.84E-03
0.074385	4.81E-03
0.074795	4.78E-03
0.075205	4.75E-03
0.075615	4.72E-03
0.076025	4.69E-03
0.076435	4.66E-03
0.076845	4.63E-03
0.077255	4.60E-03
0.077665	4.57E-03
0.078075	4.54E-03
0.078485	4.51E-03
0.078895	4.47E-03
0.079305	4.44E-03
0.079715	4.41E-03
0.080125	4.37E-03
0.080535	4.34E-03
0.080945	4.31E-03
0.081355	4.27E-03
0.081765	4.24E-03
0.082175	4.20E-03
0.082585	4.17E-03
0.082995	4.13E-03
0.083405	4.10E-03
0.083815	4.06E-03
0.084225	4.03E-03
0.084635	3.99E-03
0.085045	3.96E-03
0.085455	3.92E-03
0.085865	3.88E-03
0.086275	3.85E-03
0.086685	3.81E-03
0.087095	3.78E-03
0.0875	3.74E-03
0.087905	3.70E-03
0.088315	3.67E-03
0.088725	3.63E-03
0.089135	3.60E-03
0.089545	3.56E-03
0.089955	3.52E-03
0.090365	3.49E-03
0.090775	3.45E-03
0.091185	3.41E-03
0.091595	3.38E-03
0.092005	3.34E-03
0.092415	3.31E-03
0.092825	3.27E-03
0.093235	3.23E-03
0.093645	3.20E-03
0.094055	3.16E-03
0.094465	3.13E-03
0.094875	3.09E-03
0.095285	3.06E-03
0.095695	3.02E-03
0.096105	2.99E-03
0.096515	2.95E-03
0.096925	2.92E-03
0.097335	2.88E-03
0.097745	2.85E-03
0.098155	2.81E-03
0.098565	2.78E-03
0.098975	2.74E-03
0.099385	2.71E-03
0.099795	2.68E-03
0.100205	2.64E-03
0.100615	2.61E-03
0.101025	2.58E-03
0.101435	2.54E-03
0.101845	2.51E-03
0.102255	2.48E-03
0.102665	2.45E-03
0.103075	2.42E-03
0.103485	2.38E-03
0.103895	2.35E-03
0.104305	2.32E-03
0.104715	2.29E-03
0.105125	2.26E-03
0.105535	2.23E-03
0.105945	2.20E-03
0.106355	2.17E-03
0.106765	2.14E-03
0.107175	2.11E-03
0.107585	2.08E-03
0.107995	2.05E-03
0.108405	2.02E-03
0.108815	1.99E-03
0.109225	1.97E-03
0.109635	1.94E-03
0.110045	1.91E-03
0.110455	1.88E-03
0.110865	1.86E-03
0.111275	1.83E-03
0.111685	1.80E-03
0.112095	1.78E-03
0.1125	1.75E-03
0.112905	1.72E-03
0.113315	1.70E-03
0.113725	1.67E-03
0.114135	1.65E-03
0.114545	1.62E-03
0.114955	1.60E-03
0.115365	1.58E-03
0.115775	1.55E-03
0.116185	1.53E-03
0.116595	1.50E-03
0.117005	1.48E-03
0.117415	1.46E-03
0.117825	1.44E-03
0.118235	1.41E-03
0.118645	1.39E-03
0.119055	1.37E-03
0.119465	1.35E-03
0.119875	1.33E-03
0.120285	1.31E-03
0.120695	1.28E-03
0.121105	1.26E-03
0.121515	1.24E-03
0.121925	1.22E-03
0.122335	1.20E-03
0.122745	1.18E-03
0.123155	1.17E-03
0.123565	1.15E-03
0.123975	1.13E-03
0.124385	1.11E-03
0.124795	1.09E-03
0.125205	1.07E-03
0.125615	1.06E-03
0.126025	1.04E-03
0.126435	1.02E-03
0.126845	1.00E-03
0.127255	9.86E-04
0.127665	9.69E-04
0.128075	9.53E-04
0.128485	9.37E-04
0.128895	9.21E-04
0.129305	9.05E-04
0.129715	8.90E-04
0.130125	8.75E-04
0.130535	8.60E-04
0.130945	8.45E-04
0.131355	8.30E-04
0.131765	8.16E-04
0.132175	8.02E-04
0.132585	7.88E-04
0.132995	7.74E-04
0.133405	7.60E-04
0.133815	7.47E-04
0.134225	7.34E-04
0.134635	7.21E-04
0.135045	7.08E-04
0.135455	6.96E-04
0.135865	6.83E-04
0.136275	6.71E-04
0.136685	6.59E-04
0.137095	6.47E-04
0.1375	6.36E-04
0.137905	6.24E-04
0.138315	6.13E-04
0.138725	6.02E-04
0.139135	5.91E-04
0.139545	5.80E-04
0.139955	5.70E-04
0.140365	5.59E-04
0.140775	5.49E-04
0.141185	5.39E-04
0.141595	5.29E-04
0.142005	5.19E-04
0.142415	5.10E-04
0.142825	5.00E-04
0.143235	4.91E-04
0.143645	4.82E-04
0.144055	4.73E-04
0.144465	4.64E-04
0.144875	4.56E-04
0.145285	4.47E-04
0.145695	4.39E-04
0.146105	4.30E-04
0.146515	4.22E-04
0.146925	4.14E-04
0.147335	4.07E-04
0.147745	3.99E-04
0.148155	3.91E-04
0.148565	3.84E-04
0.148975	3.77E-04
0.149385	3.69E-04
0.149795	3.62E-04
0.150205	3.55E-04
0.150615	3.49E-04
0.151025	3.42E-04
0.151435	3.35E-04
0.151845	3.29E-04
0.152255	3.23E-04
0.152665	3.16E-04
0.153075	3.10E-04
0.153485	3.04E-04
0.153895	2.98E-04
0.154305	2.92E-04
0.154715	2.87E-04
0.155125	2.81E-04
0.155535	2.76E-04
0.155945	2.70E-04
0.156355	2.65E-04
0.156765	2.60E-04
0.157175	2.55E-04
0.157585	2.50E-04
0.157995	2.45E-04
0.158405	2.40E-04
0.158815	2.35E-04
0.159225	2.30E-04
0.159635	2.26E-04
0.160045	2.21E-04
0.160455	2.17E-04
0.160865	2.13E-04
0.161275	2.08E-04
0.161685	2.04E-04
0.162095	2.00E-04
0.1625	1.96E-04
0.162905	1.92E-04
0.163315	1.88E-04
0.163725	1.85E-04
0.164135	1.81E-04
0.164545	1.77E-04
0.164955	1.74E-04
0.165365	1.70E-04
0.165775	1.67E-04
0.166185	1.63E-04
0.166595	1.60E-04
0.167005	1.57E-04
0.167415	1.54E-04
0.167825	1.50E-04
0.168235	1.47E-04
0.168645	1.44E-04
0.169055	1.41E-04
0.169465	1.38E-04
0.169875	1.36E-04
0.170285	1.33E-04
0.170695	1.30E-04
0.171105	1.27E-04
0.171515	1.25E-04
0.171925	1.22E-04
0.172335	1.20E-04
0.172745	1.17E-04
0.173155	1.15E-04
0.173565	1.12E-04
0.173975	1.10E-04
0.174385	1.08E-04
0.174795	1.06E-04
0.175205	1.03E-04
0.175615	1.01E-04
0.176025	9.91E-05
0.176435	9.71E-05
0.176845	9.51E-05
0.177255	9.31E-05
0.177665	9.11E-05
0.178075	8.92E-05
0.178485	8.73E-05
0.178895	8.55E-05
0.179305	8.37E-05
0.179715	8.20E-05
0.180125	8.02E-05
0.180535	7.86E-05
0.180945	7.69E-05
0.181355	7.53E-05
0.181765	7.37E-05
0.182175	7.21E-05
0.182585	7.06E-05
0.182995	6.91E-05
0.183405	6.76E-05
0.183815	6.62E-05
0.184225	6.48E-05
0.184635	6.34E-05
0.185045	6.21E-05
0.185455	6.08E-05
0.185865	5.95E-05
0.186275	5.82E-05
0.186685	5.70E-05
0.187095	5.57E-05
0.1875	5.46E-05
0.187905	5.34E-05
0.188315	5.22E-05
0.188725	5.11E-05
0.189135	5.00E-05
0.189545	4.90E-05
0.189955	4.79E-05
0.190365	4.69E-05
0.190775	4.59E-05
0.191185	4.49E-05
0.191595	4.39E-05
0.192005	4.30E-05
0.192415	4.20E-05
0.192825	4.11E-05
0.193235	4.02E-05
0.193645	3.94E-05
0.194055	3.85E-05
0.194465	3.77E-05
0.194875	3.69E-05
0.195285	3.61E-05
0.195695	3.53E-05
0.196105	3.45E-05
0.196515	3.38E-05
0.196925	3.30E-05
0.197335	3.23E-05
0.197745	3.16E-05
0.198155	3.09E-05
0.198565	3.03E-05
0.198975	2.96E-05
0.199385	2.90E-05
0.199795	2.83E-05
0.200205	2.77E-05
0.200615	2.71E-05
0.201025	2.65E-05
0.201435	2.59E-05
0.201845	2.54E-05
0.202255	2.48E-05
0.202665	2.43E-05
0.203075	2.37E-05
0.203485	2.32E-05
0.203895	2.27E-05
0.204305	2.22E-05
0.204715	2.17E-05
0.205125	2.12E-05
0.205535	2.08E-05
0.205945	2.03E-05
0.206355	1.99E-05
0.206765	1.94E-05
0.207175	1.90E-05
0.207585	1.86E-05
0.207995	1.82E-05
0.208405	1.78E-05
0.208815	1.74E-05
0.209225	1.70E-05
0.209635	1.66E-05
0.210045	1.62E-05
0.210455	1.59E-05
0.210865	1.55E-05
0.211275	1.52E-05
0.211685	1.48E-05
0.212095	1.45E-05
0.2125	1.42E-05
0.212905	1.39E-05
0.213315	1.36E-05
0.213725	1.33E-05
0.214135	1.30E-05
0.214545	1.27E-05
0.214955	1.24E-05
0.215365	1.21E-05
0.215775	1.19E-05
0.216185	1.16E-05
0.216595	1.13E-05
0.217005	1.11E-05
0.217415	1.08E-05
0.217825	1.06E-05
0.218235	1.03E-05
0.218645	1.01E-05
0.219055	9.89E-06
0.219465	9.67E-06
0.219875	9.45E-06
0.220285	9.24E-06
0.220695	9.03E-06
0.221105	8.83E-06
0.221515	8.63E-06
0.221925	8.44E-06
0.222335	8.25E-06
0.222745	8.06E-06
0.223155	7.88E-06
0.223565	7.70E-06
0.223975	7.53E-06
0.224385	7.36E-06
0.224795	7.20E-06
0.225205	7.04E-06
0.225615	6.88E-06
0.226025	6.72E-06
0.226435	6.57E-06
0.226845	6.42E-06
0.227255	6.28E-06
0.227665	6.14E-06
0.228075	6.00E-06
0.228485	5.86E-06
0.228895	5.73E-06
0.229305	5.60E-06
0.229715	5.48E-06
0.230125	5.35E-06
0.230535	5.23E-06
0.230945	5.11E-06
0.231355	5.00E-06
0.231765	4.89E-06
0.232175	4.78E-06
0.232585	4.67E-06
0.232995	4.56E-06
0.233405	4.46E-06
0.233815	4.36E-06
0.234225	4.26E-06
0.234635	4.16E-06
0.235045	4.07E-06
0.235455	3.98E-06
0.235865	3.89E-06
0.236275	3.80E-06
0.236685	3.72E-06
0.237095	3.63E-06
0.2375	3.55E-06
0.237905	3.47E-06
0.238315	3.39E-06
0.238725	3.32E-06
0.239135	3.24E-06
0.239545	3.17E-06
0.239955	3.10E-06
0.240365	3.03E-06
0.240775	2.96E-06
0.241185	2.89E-06
0.241595	2.83E-06
0.242005	2.76E-06
0.242415	2.70E-06
0.242825	2.64E-06
0.243235	2.58E-06
0.243645	2.52E-06
0.244055	2.46E-06
0.244465	2.41E-06
0.244875	2.35E-06
0.245285	2.30E-06
0.245695	2.25E-06
0.246105	2.20E-06
0.246515	2.15E-06
0.246925	2.10E-06
0.247335	2.05E-06
0.247745	2.01E-06
0.248155	1.96E-06
0.248565	1.92E-06
0.248975	1.87E-06
0.249385	1.83E-06
0.249795	1.79E-06
0.250205	1.75E-06
0.250615	1.71E-06
0.251025	1.67E-06
0.251435	1.63E-06
0.251845	1.60E-06
0.252255	1.56E-06
0.252665	1.52E-06
0.253075	1.49E-06
0.253485	1.46E-06
0.253895	1.42E-06
0.254305	1.39E-06
0.254715	1.36E-06
0.255125	1.33E-06
0.255535	1.30E-06
0.255945	1.27E-06
0.256355	1.24E-06
0.256765	1.21E-06
0.257175	1.18E-06
0.257585	1.15E-06
0.257995	1.13E-06
0.258405	1.10E-06
0.258815	1.07E-06
0.259225	1.05E-06
0.259635	1.02E-06
0.260045	9.98E-07
0.260455	9.74E-07
0.260865	9.50E-07
0.261275	9.27E-07
0.261685	9.05E-07
0.262095	8.83E-07
0.2625	8.61E-07
0.262905	8.40E-07
0.263315	8.19E-07
0.263725	7.98E-07
0.264135	7.78E-07
0.264545	7.58E-07
0.264955	7.39E-07
0.265365	7.20E-07
0.265775	7.01E-07
0.266185	6.83E-07
0.266595	6.65E-07
0.267005	6.48E-07
0.267415	6.30E-07
0.267825	6.13E-07
0.268235	5.97E-07
0.268645	5.81E-07
0.269055	5.65E-07
0.269465	5.49E-07
0.269875	5.34E-07
0.270285	5.19E-07
0.270695	5.04E-07
0.271105	4.90E-07
0.271515	4.76E-07
0.271925	4.62E-07
0.272335	4.49E-07
0.272745	4.36E-07
0.273155	4.23E-07
0.273565	4.10E-07
0.273975	3.98E-07
0.274385	3.86E-07
0.274795	3.74E-07
0.275205	3.62E-07
0.275615	3.51E-07
0.276025	3.40E-07
0.276435	3.29E-07
0.276845	3.19E-07
0.277255	3.09E-07
0.277665	2.99E-07
0.278075	2.89E-07
0.278485	2.80E-07
0.278895	2.70E-07
0.279305	2.61E-07
0.279715	2.53E-07
0.280125	2.44E-07
0.280535	2.36E-07
0.280945	2.28E-07
0.281355	2.20E-07
0.281765	2.12E-07
0.282175	2.05E-07
0.282585	1.98E-07
0.282995	1.91E-07
0.283405	1.84E-07
0.283815	1.78E-07
0.284225	1.71E-07
0.284635	1.65E-07
0.285045	1.59E-07
0.285455	1.53E-07
0.285865	1.48E-07
0.286275	1.42E-07
0.286685	1.37E-07
0.287095	1.32E-07
0.2875	1.27E-07
0.287905	1.22E-07
0.288315	1.18E-07
0.288725	1.13E-07
0.289135	1.09E-07
0.289545	1.05E-07
0.289955	1.01E-07
0.290365	9.69E-08
0.290775	9.31E-08
0.291185	8.95E-08
0.291595	8.60E-08
0.292005	8.26E-08
0.292415	7.93E-08
0.292825	7.62E-08
0.293235	7.32E-08
0.293645	7.04E-08
0.294055	6.76E-08
0.294465	6.50E-08
0.294875	6.24E-08
0.295285	5.99E-08
0.295695	5.75E-08
0.296105	5.51E-08
0.296515	5.29E-08
0.296925	5.07E-08
0.297335	4.86E-08
0.297745	4.66E-08
0.298155	4.48E-08
0.298565	4.30E-08
0.298975	4.13E-08
0.299385	3.96E-08
0.299795	3.80E-08
0.300205	3.64E-08
0.300615	3.49E-08
0.301025	3.35E-08
0.301435	3.21E-08
0.301845	3.07E-08
0.302255	2.94E-08
0.302665	2.82E-08
0.303075	2.71E-08
0.303485	2.60E-08
0.303895	2.49E-08
0.304305	2.39E-08
0.304715	2.29E-08
0.305125	2.19E-08
0.305535	2.10E-08
0.305945	2.01E-08
0.306355	1.92E-08
0.306765	1.84E-08
0.307175	1.76E-08
0.307585	1.69E-08
0.307995	1.62E-08
0.308405	1.55E-08
0.308815	1.49E-08
0.309225	1.43E-08
0.309635	1.37E-08
0.310045	1.31E-08
0.310455	1.25E-08
0.310865	1.20E-08
0.311275	1.15E-08
0.311685	1.10E-08
0.312095	1.05E-08
0.3125	1.01E-08
0.312905	9.64E-09
0.313315	9.24E-09
0.313725	8.85E-09
0.314135	8.48E-09
0.314545	8.12E-09
0.314955	7.77E-09
0.315365	7.44E-09
0.315775	7.12E-09
0.316185	6.81E-09
0.316595	6.51E-09
0.317005	6.24E-09
0.317415	5.98E-09
0.317825	5.73E-09
0.318235	5.49E-09
0.318645	5.25E-09
0.319055	5.03E-09
0.319465	4.81E-09
0.319875	4.61E-09
0.320285	4.41E-09
0.320695	4.22E-09
0.321105	4.04E-09
0.321515	3.87E-09
0.321925	3.71E-09
0.322335	3.55E-09
0.322745	3.40E-09
0.323155	3.25E-09
0.323565	3.11E-09
0.323975	2.98E-09
0.324385	2.85E-09
0.324795	2.73E-09
0.325205	2.62E-09
0.325615	2.50E-09
0.326025	2.40E-09
0.326435	2.29E-09
0.326845	2.20E-09
0.327255	2.10E-09