0.000205	4.71E-06
0.000615	1.37E-05
0.001025	2.27E-05
0.001435	3.50E-05
0.001845	5.22E-05
0.002255	7.28E-05
0.002665	9.68E-05
0.003075	1.24E-04
0.003485	1.55E-04
0.003895	1.89E-04
0.004305	2.26E-04
0.004715	2.66E-04
0.005125	3.10E-04
0.005535	3.57E-04
0.005945	4.07E-04
0.006355	4.60E-04
0.006765	5.16E-04
0.007175	5.75E-04
0.007585	6.36E-04
0.007995	7.01E-04
0.008405	7.68E-04
0.008815	8.38E-04
0.009225	9.11E-04
0.009635	9.86E-04
0.010045	1.06E-03
0.010455	1.14E-03
0.010865	1.23E-03
0.011275	1.31E-03
0.011685	1.40E-03
0.012095	1.49E-03
0.0125	1.58E-03
0.012905	1.67E-03
0.013315	1.77E-03
0.013725	1.86E-03
0.014135	1.96E-03
0.014545	2.06E-03
0.014955	2.16E-03
0.015365	2.26E-03
0.015775	2.37E-03
0.016185	2.47E-03
0.016595	2.58E-03
0.017005	2.69E-03
0.017415	2.79E-03
0.017825	2.90E-03
0.018235	3.01E-03
0.018645	3.12E-03
0.019055	3.23E-03
0.019465	3.34E-03
0.019875	3.45E-03
0.020285	3.56E-03
0.020695	3.67E-03
0.021105	3.78E-03
0.021515	3.90E-03
0.021925	4.01E-03
0.022335	4.12E-03
0.022745	4.23E-03
0.023155	4.33E-03
0.023565	4.44E-03
0.023975	4.55E-03
0.024385	4.66E-03
0.024795	4.76E-03
0.025205	4.87E-03
0.025615	4.97E-03
0.026025	5.08E-03
0.026435	5.18E-03
0.026845	5.28E-03
0.027255	5.38E-03
0.027665	5.47E-03
0.028075	5.57E-03
0.028485	5.66E-03
0.028895	5.76E-03
0.029305	5.85E-03
0.029715	5.94E-03
0.030125	6.02E-03
0.030535	6.11E-03
0.030945	6.19E-03
0.031355	6.27E-03
0.031765	6.35E-03
0.032175	6.42E-03
0.032585	6.50E-03
0.032995	6.57E-03
0.033405	6.64E-03
0.033815	6.71E-03
0.034225	6.77E-03
0.034635	6.83E-03
0.035045	6.89E-03
0.035455	6.95E-03
0.035865	7.00E-03
0.036275	7.05E-03
0.036685	7.10E-03
0.037095	7.15E-03
0.0375	7.19E-03
0.037905	7.23E-03
0.038315	7.27E-03
0.038725	7.31E-03
0.039135	7.34E-03
0.039545	7.37E-03
0.039955	7.40E-03
0.040365	7.42E-03
0.040775	7.45E-03
0.041185	7.46E-03
0.041595	7.48E-03
0.042005	7.50E-03
0.042415	7.51E-03
0.042825	7.52E-03
0.043235	7.52E-03
0.043645	7.53E-03
0.044055	7.53E-03
0.044465	7.52E-03
0.044875	7.52E-03
0.045285	7.51E-03
0.045695	7.51E-03
0.046105	7.49E-03
0.046515	7.48E-03
0.046925	7.46E-03
0.047335	7.44E-03
0.047745	7.42E-03
0.048155	7.40E-03
0.048565	7.37E-03
0.048975	7.35E-03
0.049385	7.32E-03
0.049795	7.29E-03
0.050205	7.25E-03
0.050615	7.22E-03
0.051025	7.18E-03
0.051435	7.14E-03
0.051845	7.10E-03
0.052255	7.05E-03
0.052665	7.01E-03
0.053075	6.96E-03
0.053485	6.91E-03
0.053895	6.87E-03
0.054305	6.81E-03
0.054715	6.76E-03
0.055125	6.71E-03
0.055535	6.65E-03
0.055945	6.59E-03
0.056355	6.54E-03
0.056765	6.48E-03
0.057175	6.42E-03
0.057585	6.36E-03
0.057995	6.29E-03
0.058405	6.23E-03
0.058815	6.16E-03
0.059225	6.10E-03
0.059635	6.03E-03
0.060045	5.97E-03
0.060455	5.90E-03
0.060865	5.83E-03
0.061275	5.76E-03
0.061685	5.69E-03
0.062095	5.62E-03
0.0625	5.55E-03
0.062905	5.48E-03
0.063315	5.41E-03
0.063725	5.34E-03
0.064135	5.27E-03
0.064545	5.20E-03
0.064955	5.12E-03
0.065365	5.05E-03
0.065775	4.98E-03
0.066185	4.91E-03
0.066595	4.83E-03
0.067005	4.76E-03
0.067415	4.69E-03
0.067825	4.62E-03
0.068235	4.54E-03
0.068645	4.47E-03
0.069055	4.40E-03
0.069465	4.33E-03
0.069875	4.26E-03
0.070285	4.19E-03
0.070695	4.12E-03
0.071105	4.05E-03
0.071515	3.98E-03
0.071925	3.91E-03
0.072335	3.84E-03
0.072745	3.77E-03
0.073155	3.70E-03
0.073565	3.63E-03
0.073975	3.57E-03
0.074385	3.50E-03
0.074795	3.43E-03
0.075205	3.37E-03
0.075615	3.30E-03
0.076025	3.24E-03
0.076435	3.18E-03
0.076845	3.11E-03
0.077255	3.05E-03
0.077665	2.99E-03
0.078075	2.93E-03
0.078485	2.87E-03
0.078895	2.81E-03
0.079305	2.75E-03
0.079715	2.69E-03
0.080125	2.64E-03
0.080535	2.58E-03
0.080945	2.53E-03
0.081355	2.47E-03
0.081765	2.42E-03
0.082175	2.36E-03
0.082585	2.31E-03
0.082995	2.26E-03
0.083405	2.21E-03
0.083815	2.16E-03
0.084225	2.11E-03
0.084635	2.06E-03
0.085045	2.01E-03
0.085455	1.97E-03
0.085865	1.92E-03
0.086275	1.87E-03
0.086685	1.83E-03
0.087095	1.78E-03
0.0875	1.74E-03
0.087905	1.70E-03
0.088315	1.66E-03
0.088725	1.62E-03
0.089135	1.58E-03
0.089545	1.54E-03
0.089955	1.50E-03
0.090365	1.46E-03
0.090775	1.42E-03
0.091185	1.39E-03
0.091595	1.35E-03
0.092005	1.32E-03
0.092415	1.28E-03
0.092825	1.25E-03
0.093235	1.22E-03
0.093645	1.19E-03
0.094055	1.15E-03
0.094465	1.12E-03
0.094875	1.09E-03
0.095285	1.06E-03
0.095695	1.04E-03
0.096105	1.01E-03
0.096515	9.79E-04
0.096925	9.52E-04
0.097335	9.26E-04
0.097745	9.00E-04
0.098155	8.75E-04
0.098565	8.51E-04
0.098975	8.27E-04
0.099385	8.03E-04
0.099795	7.81E-04
0.100205	7.58E-04
0.100615	7.37E-04
0.101025	7.16E-04
0.101435	6.95E-04
0.101845	6.75E-04
0.102255	6.55E-04
0.102665	6.36E-04
0.103075	6.17E-04
0.103485	5.99E-04
0.103895	5.81E-04
0.104305	5.64E-04
0.104715	5.47E-04
0.105125	5.31E-04
0.105535	5.15E-04
0.105945	4.99E-04
0.106355	4.84E-04
0.106765	4.70E-04
0.107175	4.55E-04
0.107585	4.41E-04
0.107995	4.28E-04
0.108405	4.15E-04
0.108815	4.02E-04
0.109225	3.89E-04
0.109635	3.77E-04
0.110045	3.65E-04
0.110455	3.54E-04
0.110865	3.43E-04
0.111275	3.32E-04
0.111685	3.21E-04
0.112095	3.11E-04
0.1125	3.01E-04
0.112905	2.91E-04
0.113315	2.82E-04
0.113725	2.73E-04
0.114135	2.64E-04
0.114545	2.56E-04
0.114955	2.47E-04
0.115365	2.39E-04
0.115775	2.31E-04
0.116185	2.24E-04
0.116595	2.16E-04
0.117005	2.09E-04
0.117415	2.02E-04
0.117825	1.96E-04
0.118235	1.89E-04
0.118645	1.83E-04
0.119055	1.77E-04
0.119465	1.71E-04
0.119875	1.65E-04
0.120285	1.59E-04
0.120695	1.54E-04
0.121105	1.49E-04
0.121515	1.44E-04
0.121925	1.39E-04
0.122335	1.34E-04
0.122745	1.29E-04
0.123155	1.25E-04
0.123565	1.21E-04
0.123975	1.16E-04
0.124385	1.12E-04
0.124795	1.09E-04
0.125205	1.05E-04
0.125615	1.01E-04
0.126025	9.75E-05
0.126435	9.41E-05
0.126845	9.08E-05
0.127255	8.76E-05
0.127665	8.45E-05
0.128075	8.15E-05
0.128485	7.86E-05
0.128895	7.58E-05
0.129305	7.31E-05
0.129715	7.05E-05
0.130125	6.79E-05
0.130535	6.55E-05
0.130945	6.31E-05
0.131355	6.09E-05
0.131765	5.87E-05
0.132175	5.65E-05
0.132585	5.45E-05
0.132995	5.25E-05
0.133405	5.06E-05
0.133815	4.87E-05
0.134225	4.70E-05
0.134635	4.52E-05
0.135045	4.36E-05
0.135455	4.20E-05
0.135865	4.04E-05
0.136275	3.89E-05
0.136685	3.75E-05
0.137095	3.61E-05
0.1375	3.47E-05
0.137905	3.34E-05
0.138315	3.22E-05
0.138725	3.10E-05
0.139135	2.98E-05
0.139545	2.87E-05
0.139955	2.76E-05
0.140365	2.66E-05
0.140775	2.56E-05
0.141185	2.46E-05
0.141595	2.37E-05
0.142005	2.28E-05
0.142415	2.19E-05
0.142825	2.11E-05
0.143235	2.03E-05
0.143645	1.95E-05
0.144055	1.88E-05
0.144465	1.80E-05
0.144875	1.73E-05
0.145285	1.67E-05
0.145695	1.60E-05
0.146105	1.54E-05
0.146515	1.48E-05
0.146925	1.43E-05
0.147335	1.37E-05
0.147745	1.32E-05
0.148155	1.27E-05
0.148565	1.22E-05
0.148975	1.17E-05
0.149385	1.12E-05
0.149795	1.08E-05
0.150205	1.04E-05
0.150615	9.96E-06
0.151025	9.57E-06
0.151435	9.19E-06
0.151845	8.83E-06
0.152255	8.48E-06
0.152665	8.15E-06
0.153075	7.82E-06
0.153485	7.51E-06
0.153895	7.21E-06
0.154305	6.93E-06
0.154715	6.65E-06
0.155125	6.39E-06
0.155535	6.13E-06
0.155945	5.89E-06
0.156355	5.65E-06
0.156765	5.43E-06
0.157175	5.21E-06
0.157585	5.00E-06
0.157995	4.80E-06
0.158405	4.61E-06
0.158815	4.42E-06
0.159225	4.24E-06
0.159635	4.07E-06
0.160045	3.91E-06
0.160455	3.75E-06
0.160865	3.60E-06
0.161275	3.45E-06
0.161685	3.31E-06
0.162095	3.18E-06
0.1625	3.05E-06
0.162905	2.92E-06
0.163315	2.81E-06
0.163725	2.69E-06
0.164135	2.58E-06
0.164545	2.48E-06
0.164955	2.37E-06
0.165365	2.28E-06
0.165775	2.18E-06
0.166185	2.09E-06
0.166595	2.01E-06
0.167005	1.93E-06
0.167415	1.85E-06
0.167825	1.77E-06
0.168235	1.70E-06
0.168645	1.63E-06
0.169055	1.56E-06
0.169465	1.50E-06
0.169875	1.43E-06
0.170285	1.37E-06
0.170695	1.32E-06
0.171105	1.26E-06
0.171515	1.21E-06
0.171925	1.16E-06
0.172335	1.11E-06
0.172745	1.07E-06
0.173155	1.02E-06
0.173565	9.79E-07
0.173975	9.38E-07
0.174385	8.99E-07
0.174795	8.61E-07
0.175205	8.25E-07
0.175615	7.91E-07
0.176025	7.58E-07
0.176435	7.26E-07
0.176845	6.95E-07
0.177255	6.66E-07
0.177665	6.38E-07
0.178075	6.11E-07
0.178485	5.86E-07
0.178895	5.61E-07
0.179305	5.37E-07
0.179715	5.15E-07
0.180125	4.93E-07
0.180535	4.72E-07
0.180945	4.52E-07
0.181355	4.33E-07
0.181765	4.15E-07
0.182175	3.97E-07
0.182585	3.80E-07
0.182995	3.64E-07
0.183405	3.49E-07
0.183815	3.34E-07
0.184225	3.20E-07
0.184635	3.06E-07
0.185045	2.93E-07
0.185455	2.81E-07
0.185865	2.69E-07
0.186275	2.57E-07
0.186685	2.46E-07
0.187095	2.36E-07
0.1875	2.26E-07
0.187905	2.16E-07
0.188315	2.07E-07
0.188725	1.98E-07
0.189135	1.90E-07
0.189545	1.81E-07
0.189955	1.74E-07
0.190365	1.66E-07
0.190775	1.59E-07
0.191185	1.52E-07
0.191595	1.46E-07
0.192005	1.39E-07
0.192415	1.33E-07
0.192825	1.28E-07
0.193235	1.22E-07
0.193645	1.17E-07
0.194055	1.12E-07
0.194465	1.07E-07
0.194875	1.02E-07
0.195285	9.79E-08
0.195695	9.37E-08
0.196105	8.97E-08
0.196515	8.58E-08
0.196925	8.21E-08
0.197335	7.85E-08
0.197745	7.51E-08
0.198155	7.19E-08
0.198565	6.87E-08
0.198975	6.58E-08
0.199385	6.29E-08
0.199795	6.02E-08
0.200205	5.76E-08
0.200615	5.51E-08
0.201025	5.27E-08
0.201435	5.04E-08
0.201845	4.82E-08
0.202255	4.61E-08
0.202665	4.41E-08
0.203075	4.22E-08
0.203485	4.03E-08
0.203895	3.86E-08
0.204305	3.69E-08
0.204715	3.53E-08
0.205125	3.37E-08
0.205535	3.23E-08
0.205945	3.08E-08
0.206355	2.95E-08
0.206765	2.82E-08
0.207175	2.70E-08
0.207585	2.58E-08
0.207995	2.47E-08
0.208405	2.36E-08
0.208815	2.25E-08
0.209225	2.16E-08
0.209635	2.06E-08
0.210045	1.97E-08
0.210455	1.88E-08
0.210865	1.80E-08
0.211275	1.72E-08
0.211685	1.65E-08
0.212095	1.57E-08
0.2125	1.51E-08
0.212905	1.44E-08
0.213315	1.38E-08
0.213725	1.32E-08
0.214135	1.26E-08
0.214545	1.20E-08
0.214955	1.15E-08
0.215365	1.10E-08
0.215775	1.05E-08
0.216185	1.00E-08
0.216595	9.59E-09
0.217005	9.17E-09
0.217415	8.77E-09
0.217825	8.38E-09
0.218235	8.01E-09
0.218645	7.66E-09
0.219055	7.32E-09
0.219465	6.99E-09
0.219875	6.68E-09
0.220285	6.39E-09
0.220695	6.11E-09
0.221105	5.84E-09
0.221515	5.58E-09
0.221925	5.33E-09
0.222335	5.10E-09
0.222745	4.87E-09
0.223155	4.66E-09
0.223565	4.45E-09
0.223975	4.25E-09
0.224385	4.06E-09
0.224795	3.88E-09
0.225205	3.71E-09
0.225615	3.55E-09
0.226025	3.39E-09
0.226435	3.24E-09
0.226845	3.10E-09
0.227255	2.96E-09
0.227665	2.83E-09
0.228075	2.70E-09
0.228485	2.58E-09
0.228895	2.47E-09
0.229305	2.36E-09
0.229715	2.25E-09
0.230125	2.15E-09
0.230535	2.06E-09
0.230945	1.97E-09
0.231355	1.88E-09
0.231765	1.80E-09
0.232175	1.72E-09
0.232585	1.64E-09
0.232995	1.57E-09
0.233405	1.50E-09
0.233815	1.43E-09
0.234225	1.37E-09
0.234635	1.31E-09
0.235045	1.25E-09
0.235455	1.19E-09
0.235865	1.14E-09
0.236275	1.09E-09
0.236685	1.04E-09
0.237095	9.94E-10
0.2375	9.50E-10
0.237905	9.08E-10
0.238315	8.68E-10
0.238725	8.29E-10
0.239135	7.92E-10
0.239545	7.57E-10
0.239955	7.23E-10
0.240365	6.91E-10
0.240775	6.61E-10
0.241185	6.31E-10
0.241595	6.03E-10
0.242005	5.76E-10
0.242415	5.51E-10
0.242825	5.27E-10
0.243235	5.04E-10
0.243645	4.81E-10
0.244055	4.60E-10
0.244465	4.39E-10
0.244875	4.20E-10
0.245285	4.01E-10
0.245695	3.83E-10
0.246105	3.66E-10
0.246515	3.50E-10
0.246925	3.34E-10
0.247335	3.19E-10
0.247745	3.06E-10
0.248155	2.92E-10
0.248565	2.79E-10
0.248975	2.67E-10
0.249385	2.55E-10
0.249795	2.44E-10
0.250205	2.32E-10
0.250615	2.22E-10
0.251025	2.12E-10
0.251435	2.03E-10
0.251845	1.94E-10
0.252255	1.85E-10
0.252665	1.77E-10
0.253075	1.69E-10
0.253485	1.61E-10
0.253895	1.54E-10
0.254305	1.47E-10
0.254715	1.41E-10
0.255125	1.34E-10
0.255535	1.28E-10
0.255945	1.22E-10
0.256355	1.17E-10
0.256765	1.12E-10
0.257175	1.07E-10
0.257585	1.02E-10
0.257995	9.74E-11
0.258405	9.30E-11
0.258815	8.87E-11
0.259225	8.46E-11
0.259635	8.07E-11
0.260045	7.70E-11
0.260455	7.35E-11
0.260865	7.01E-11
0.261275	6.69E-11
0.261685	6.38E-11
0.262095	6.09E-11
0.2625	5.81E-11
0.262905	5.54E-11
0.263315	5.29E-11
0.263725	5.04E-11
0.264135	4.80E-11
0.264545	4.57E-11
0.264955	4.35E-11
0.265365	4.14E-11
0.265775	3.95E-11
0.266185	3.76E-11
0.266595	3.58E-11
0.267005	3.41E-11
0.267415	3.24E-11
0.267825	3.09E-11
0.268235	2.94E-11
0.268645	2.80E-11
0.269055	2.66E-11
0.269465	2.53E-11
0.269875	2.41E-11
0.270285	2.28E-11
0.270695	2.17E-11
0.271105	2.06E-11
0.271515	1.95E-11
0.271925	1.86E-11
0.272335	1.77E-11
0.272745	1.68E-11
0.273155	1.59E-11
0.273565	1.51E-11
0.273975	1.43E-11
0.274385	1.36E-11
0.274795	1.28E-11
0.275205	1.21E-11
0.275615	1.15E-11
0.276025	1.09E-11
0.276435	1.04E-11
0.276845	9.82E-12
0.277255	9.29E-12
0.277665	8.79E-12
0.278075	8.31E-12
0.278485	7.85E-12
0.278895	7.42E-12
0.279305	7.00E-12
0.279715	6.61E-12
0.280125	6.27E-12
0.280535	5.93E-12
0.280945	5.61E-12
0.281355	5.30E-12
0.281765	5.00E-12
0.282175	4.72E-12
0.282585	4.45E-12
0.282995	4.19E-12
0.283405	3.94E-12
0.283815	3.71E-12
0.284225	3.51E-12
0.284635	3.32E-12
0.285045	3.13E-12
0.285455	2.95E-12
0.285865	2.78E-12
0.286275	2.62E-12
0.286685	2.47E-12
0.287095	2.32E-12
0.2875	2.18E-12
0.287905	2.05E-12
0.288315	1.92E-12
0.288725	1.81E-12
0.289135	1.71E-12
0.289545	1.61E-12
0.289955	1.52E-12
0.290365	1.43E-12
0.290775	1.34E-12
0.291185	1.26E-12
0.291595	1.18E-12
0.292005	1.11E-12
0.292415	1.04E-12
0.292825	9.73E-13
0.293235	9.18E-13
0.293645	8.66E-13
0.294055	8.15E-13
0.294465	7.67E-13
0.294875	7.21E-13
0.295285	6.77E-13
0.295695	6.35E-13
0.296105	5.95E-13
0.296515	5.57E-13
0.296925	5.21E-13
0.297335	4.87E-13
0.297745	4.57E-13
0.298155	4.31E-13
0.298565	4.06E-13
0.298975	3.82E-13
0.299385	3.59E-13
0.299795	3.37E-13
0.300205	3.16E-13
0.300615	2.96E-13
0.301025	2.77E-13
0.301435	2.59E-13
0.301845	2.41E-13
0.302255	2.25E-13
0.302665	2.11E-13
0.303075	1.99E-13
0.303485	1.88E-13
0.303895	1.76E-13
0.304305	1.66E-13
0.304715	1.55E-13
0.305125	1.46E-13
0.305535	1.36E-13
0.305945	1.27E-13
0.306355	1.19E-13
0.306765	1.11E-13
0.307175	1.04E-13
0.307585	9.68E-14
0.307995	9.12E-14
0.308405	8.58E-14
0.308815	8.07E-14
0.309225	7.57E-14
0.309635	7.10E-14
0.310045	6.65E-14
0.310455	6.22E-14
0.310865	5.82E-14
0.311275	5.43E-14
0.311685	5.07E-14
0.312095	4.73E-14
0.3125	4.43E-14
0.312905	4.17E-14
0.313315	3.91E-14
0.313725	3.67E-14
0.314135	3.45E-14
0.314545	3.23E-14
0.314955	3.02E-14
0.315365	2.82E-14
0.315775	2.64E-14
0.316185	2.46E-14
0.316595	2.30E-14
0.317005	2.16E-14
0.317415	2.03E-14
0.317825	1.90E-14
0.318235	1.78E-14
0.318645	1.67E-14
0.319055	1.56E-14
0.319465	1.46E-14
0.319875	1.37E-14
0.320285	1.28E-14
0.320695	1.19E-14
0.321105	1.12E-14
0.321515	1.05E-14
0.321925	9.85E-15
0.322335	9.23E-15
0.322745	8.64E-15
0.323155	8.08E-15
0.323565	7.55E-15
0.323975	7.06E-15
0.324385	6.63E-15
0.324795	6.22E-15
0.325205	5.83E-15
0.325615	5.46E-15
0.326025	5.10E-15
0.326435	4.77E-15
0.326845	4.47E-15
0.327255	4.20E-15