0.000205	6.08E-07
0.000615	1.77E-06
0.001025	2.93E-06
0.001435	4.53E-06
0.001845	6.76E-06
0.002255	9.43E-06
0.002665	1.25E-05
0.003075	1.61E-05
0.003485	2.01E-05
0.003895	2.45E-05
0.004305	2.94E-05
0.004715	3.47E-05
0.005125	4.05E-05
0.005535	4.67E-05
0.005945	5.33E-05
0.006355	6.04E-05
0.006765	6.79E-05
0.007175	7.58E-05
0.007585	8.42E-05
0.007995	9.29E-05
0.008405	1.02E-04
0.008815	1.12E-04
0.009225	1.22E-04
0.009635	1.32E-04
0.010045	1.43E-04
0.010455	1.54E-04
0.010865	1.66E-04
0.011275	1.78E-04
0.011685	1.91E-04
0.012095	2.04E-04
0.0125	2.17E-04
0.012905	2.31E-04
0.013315	2.45E-04
0.013725	2.59E-04
0.014135	2.74E-04
0.014545	2.89E-04
0.014955	3.05E-04
0.015365	3.21E-04
0.015775	3.38E-04
0.016185	3.54E-04
0.016595	3.71E-04
0.017005	3.89E-04
0.017415	4.07E-04
0.017825	4.25E-04
0.018235	4.43E-04
0.018645	4.62E-04
0.019055	4.81E-04
0.019465	5.01E-04
0.019875	5.21E-04
0.020285	5.41E-04
0.020695	5.62E-04
0.021105	5.82E-04
0.021515	6.04E-04
0.021925	6.25E-04
0.022335	6.47E-04
0.022745	6.69E-04
0.023155	6.91E-04
0.023565	7.14E-04
0.023975	7.36E-04
0.024385	7.60E-04
0.024795	7.83E-04
0.025205	8.07E-04
0.025615	8.31E-04
0.026025	8.55E-04
0.026435	8.79E-04
0.026845	9.04E-04
0.027255	9.29E-04
0.027665	9.54E-04
0.028075	9.79E-04
0.028485	1.01E-03
0.028895	1.03E-03
0.029305	1.06E-03
0.029715	1.08E-03
0.030125	1.11E-03
0.030535	1.14E-03
0.030945	1.16E-03
0.031355	1.19E-03
0.031765	1.22E-03
0.032175	1.24E-03
0.032585	1.27E-03
0.032995	1.30E-03
0.033405	1.33E-03
0.033815	1.35E-03
0.034225	1.38E-03
0.034635	1.41E-03
0.035045	1.44E-03
0.035455	1.46E-03
0.035865	1.49E-03
0.036275	1.52E-03
0.036685	1.55E-03
0.037095	1.58E-03
0.0375	1.61E-03
0.037905	1.63E-03
0.038315	1.66E-03
0.038725	1.69E-03
0.039135	1.72E-03
0.039545	1.75E-03
0.039955	1.78E-03
0.040365	1.81E-03
0.040775	1.84E-03
0.041185	1.86E-03
0.041595	1.89E-03
0.042005	1.92E-03
0.042415	1.95E-03
0.042825	1.98E-03
0.043235	2.01E-03
0.043645	2.04E-03
0.044055	2.06E-03
0.044465	2.09E-03
0.044875	2.12E-03
0.045285	2.15E-03
0.045695	2.18E-03
0.046105	2.21E-03
0.046515	2.23E-03
0.046925	2.26E-03
0.047335	2.29E-03
0.047745	2.32E-03
0.048155	2.35E-03
0.048565	2.37E-03
0.048975	2.40E-03
0.049385	2.43E-03
0.049795	2.45E-03
0.050205	2.48E-03
0.050615	2.51E-03
0.051025	2.53E-03
0.051435	2.56E-03
0.051845	2.59E-03
0.052255	2.61E-03
0.052665	2.64E-03
0.053075	2.66E-03
0.053485	2.69E-03
0.053895	2.72E-03
0.054305	2.74E-03
0.054715	2.77E-03
0.055125	2.79E-03
0.055535	2.81E-03
0.055945	2.84E-03
0.056355	2.86E-03
0.056765	2.89E-03
0.057175	2.91E-03
0.057585	2.93E-03
0.057995	2.96E-03
0.058405	2.98E-03
0.058815	3.00E-03
0.059225	3.02E-03
0.059635	3.05E-03
0.060045	3.07E-03
0.060455	3.09E-03
0.060865	3.11E-03
0.061275	3.13E-03
0.061685	3.15E-03
0.062095	3.17E-03
0.0625	3.19E-03
0.062905	3.21E-03
0.063315	3.23E-03
0.063725	3.25E-03
0.064135	3.27E-03
0.064545	3.29E-03
0.064955	3.30E-03
0.065365	3.32E-03
0.065775	3.34E-03
0.066185	3.36E-03
0.066595	3.37E-03
0.067005	3.39E-03
0.067415	3.41E-03
0.067825	3.42E-03
0.068235	3.44E-03
0.068645	3.45E-03
0.069055	3.47E-03
0.069465	3.48E-03
0.069875	3.49E-03
0.070285	3.51E-03
0.070695	3.52E-03
0.071105	3.53E-03
0.071515	3.55E-03
0.071925	3.56E-03
0.072335	3.57E-03
0.072745	3.58E-03
0.073155	3.59E-03
0.073565	3.60E-03
0.073975	3.62E-03
0.074385	3.63E-03
0.074795	3.64E-03
0.075205	3.64E-03
0.075615	3.65E-03
0.076025	3.66E-03
0.076435	3.67E-03
0.076845	3.68E-03
0.077255	3.69E-03
0.077665	3.69E-03
0.078075	3.70E-03
0.078485	3.71E-03
0.078895	3.71E-03
0.079305	3.72E-03
0.079715	3.72E-03
0.080125	3.73E-03
0.080535	3.73E-03
0.080945	3.74E-03
0.081355	3.74E-03
0.081765	3.75E-03
0.082175	3.75E-03
0.082585	3.75E-03
0.082995	3.76E-03
0.083405	3.76E-03
0.083815	3.76E-03
0.084225	3.76E-03
0.084635	3.76E-03
0.085045	3.76E-03
0.085455	3.77E-03
0.085865	3.77E-03
0.086275	3.77E-03
0.086685	3.77E-03
0.087095	3.76E-03
0.0875	3.76E-03
0.087905	3.76E-03
0.088315	3.76E-03
0.088725	3.76E-03
0.089135	3.76E-03
0.089545	3.75E-03
0.089955	3.75E-03
0.090365	3.75E-03
0.090775	3.74E-03
0.091185	3.74E-03
0.091595	3.74E-03
0.092005	3.73E-03
0.092415	3.73E-03
0.092825	3.72E-03
0.093235	3.72E-03
0.093645	3.71E-03
0.094055	3.71E-03
0.094465	3.70E-03
0.094875	3.69E-03
0.095285	3.69E-03
0.095695	3.68E-03
0.096105	3.67E-03
0.096515	3.67E-03
0.096925	3.66E-03
0.097335	3.65E-03
0.097745	3.64E-03
0.098155	3.63E-03
0.098565	3.62E-03
0.098975	3.61E-03
0.099385	3.61E-03
0.099795	3.60E-03
0.100205	3.59E-03
0.100615	3.58E-03
0.101025	3.57E-03
0.101435	3.56E-03
0.101845	3.55E-03
0.102255	3.53E-03
0.102665	3.52E-03
0.103075	3.51E-03
0.103485	3.50E-03
0.103895	3.49E-03
0.104305	3.48E-03
0.104715	3.47E-03
0.105125	3.45E-03
0.105535	3.44E-03
0.105945	3.43E-03
0.106355	3.41E-03
0.106765	3.40E-03
0.107175	3.39E-03
0.107585	3.38E-03
0.107995	3.36E-03
0.108405	3.35E-03
0.108815	3.33E-03
0.109225	3.32E-03
0.109635	3.31E-03
0.110045	3.29E-03
0.110455	3.28E-03
0.110865	3.26E-03
0.111275	3.25E-03
0.111685	3.23E-03
0.112095	3.22E-03
0.1125	3.20E-03
0.112905	3.19E-03
0.113315	3.17E-03
0.113725	3.16E-03
0.114135	3.14E-03
0.114545	3.13E-03
0.114955	3.11E-03
0.115365	3.09E-03
0.115775	3.08E-03
0.116185	3.06E-03
0.116595	3.05E-03
0.117005	3.03E-03
0.117415	3.01E-03
0.117825	3.00E-03
0.118235	2.98E-03
0.118645	2.96E-03
0.119055	2.95E-03
0.119465	2.93E-03
0.119875	2.91E-03
0.120285	2.90E-03
0.120695	2.88E-03
0.121105	2.86E-03
0.121515	2.84E-03
0.121925	2.83E-03
0.122335	2.81E-03
0.122745	2.79E-03
0.123155	2.78E-03
0.123565	2.76E-03
0.123975	2.74E-03
0.124385	2.72E-03
0.124795	2.71E-03
0.125205	2.69E-03
0.125615	2.67E-03
0.126025	2.65E-03
0.126435	2.64E-03
0.126845	2.62E-03
0.127255	2.60E-03
0.127665	2.58E-03
0.128075	2.57E-03
0.128485	2.55E-03
0.128895	2.53E-03
0.129305	2.51E-03
0.129715	2.49E-03
0.130125	2.48E-03
0.130535	2.46E-03
0.130945	2.44E-03
0.131355	2.42E-03
0.131765	2.41E-03
0.132175	2.39E-03
0.132585	2.37E-03
0.132995	2.35E-03
0.133405	2.34E-03
0.133815	2.32E-03
0.134225	2.30E-03
0.134635	2.28E-03
0.135045	2.27E-03
0.135455	2.25E-03
0.135865	2.23E-03
0.136275	2.21E-03
0.136685	2.20E-03
0.137095	2.18E-03
0.1375	2.16E-03
0.137905	2.14E-03
0.138315	2.13E-03
0.138725	2.11E-03
0.139135	2.09E-03
0.139545	2.07E-03
0.139955	2.06E-03
0.140365	2.04E-03
0.140775	2.02E-03
0.141185	2.01E-03
0.141595	1.99E-03
0.142005	1.97E-03
0.142415	1.96E-03
0.142825	1.94E-03
0.143235	1.92E-03
0.143645	1.91E-03
0.144055	1.89E-03
0.144465	1.87E-03
0.144875	1.86E-03
0.145285	1.84E-03
0.145695	1.82E-03
0.146105	1.81E-03
0.146515	1.79E-03
0.146925	1.77E-03
0.147335	1.76E-03
0.147745	1.74E-03
0.148155	1.73E-03
0.148565	1.71E-03
0.148975	1.70E-03
0.149385	1.68E-03
0.149795	1.66E-03
0.150205	1.65E-03
0.150615	1.63E-03
0.151025	1.62E-03
0.151435	1.60E-03
0.151845	1.59E-03
0.152255	1.57E-03
0.152665	1.56E-03
0.153075	1.54E-03
0.153485	1.53E-03
0.153895	1.51E-03
0.154305	1.50E-03
0.154715	1.48E-03
0.155125	1.47E-03
0.155535	1.45E-03
0.155945	1.44E-03
0.156355	1.42E-03
0.156765	1.41E-03
0.157175	1.40E-03
0.157585	1.38E-03
0.157995	1.37E-03
0.158405	1.35E-03
0.158815	1.34E-03
0.159225	1.33E-03
0.159635	1.31E-03
0.160045	1.30E-03
0.160455	1.29E-03
0.160865	1.27E-03
0.161275	1.26E-03
0.161685	1.25E-03
0.162095	1.23E-03
0.1625	1.22E-03
0.162905	1.21E-03
0.163315	1.20E-03
0.163725	1.18E-03
0.164135	1.17E-03
0.164545	1.16E-03
0.164955	1.14E-03
0.165365	1.13E-03
0.165775	1.12E-03
0.166185	1.11E-03
0.166595	1.10E-03
0.167005	1.08E-03
0.167415	1.07E-03
0.167825	1.06E-03
0.168235	1.05E-03
0.168645	1.04E-03
0.169055	1.03E-03
0.169465	1.01E-03
0.169875	1.00E-03
0.170285	9.91E-04
0.170695	9.80E-04
0.171105	9.69E-04
0.171515	9.58E-04
0.171925	9.47E-04
0.172335	9.37E-04
0.172745	9.26E-04
0.173155	9.15E-04
0.173565	9.05E-04
0.173975	8.95E-04
0.174385	8.84E-04
0.174795	8.74E-04
0.175205	8.64E-04
0.175615	8.54E-04
0.176025	8.44E-04
0.176435	8.34E-04
0.176845	8.24E-04
0.177255	8.15E-04
0.177665	8.05E-04
0.178075	7.96E-04
0.178485	7.86E-04
0.178895	7.77E-04
0.179305	7.68E-04
0.179715	7.58E-04
0.180125	7.49E-04
0.180535	7.40E-04
0.180945	7.31E-04
0.181355	7.23E-04
0.181765	7.14E-04
0.182175	7.05E-04
0.182585	6.97E-04
0.182995	6.88E-04
0.183405	6.80E-04
0.183815	6.71E-04
0.184225	6.63E-04
0.184635	6.55E-04
0.185045	6.47E-04
0.185455	6.39E-04
0.185865	6.31E-04
0.186275	6.23E-04
0.186685	6.15E-04
0.187095	6.08E-04
0.1875	6.00E-04
0.187905	5.93E-04
0.188315	5.85E-04
0.188725	5.78E-04
0.189135	5.70E-04
0.189545	5.63E-04
0.189955	5.56E-04
0.190365	5.49E-04
0.190775	5.42E-04
0.191185	5.35E-04
0.191595	5.28E-04
0.192005	5.21E-04
0.192415	5.15E-04
0.192825	5.08E-04
0.193235	5.02E-04
0.193645	4.95E-04
0.194055	4.89E-04
0.194465	4.82E-04
0.194875	4.76E-04
0.195285	4.70E-04
0.195695	4.64E-04
0.196105	4.58E-04
0.196515	4.52E-04
0.196925	4.46E-04
0.197335	4.40E-04
0.197745	4.34E-04
0.198155	4.28E-04
0.198565	4.23E-04
0.198975	4.17E-04
0.199385	4.11E-04
0.199795	4.06E-04
0.200205	4.01E-04
0.200615	3.95E-04
0.201025	3.90E-04
0.201435	3.85E-04
0.201845	3.79E-04
0.202255	3.74E-04
0.202665	3.69E-04
0.203075	3.64E-04
0.203485	3.59E-04
0.203895	3.54E-04
0.204305	3.50E-04
0.204715	3.45E-04
0.205125	3.40E-04
0.205535	3.35E-04
0.205945	3.31E-04
0.206355	3.26E-04
0.206765	3.22E-04
0.207175	3.17E-04
0.207585	3.13E-04
0.207995	3.09E-04
0.208405	3.04E-04
0.208815	3.00E-04
0.209225	2.96E-04
0.209635	2.92E-04
0.210045	2.88E-04
0.210455	2.84E-04
0.210865	2.80E-04
0.211275	2.76E-04
0.211685	2.72E-04
0.212095	2.68E-04
0.2125	2.64E-04
0.212905	2.61E-04
0.213315	2.57E-04
0.213725	2.53E-04
0.214135	2.50E-04
0.214545	2.46E-04
0.214955	2.43E-04
0.215365	2.39E-04
0.215775	2.36E-04
0.216185	2.33E-04
0.216595	2.29E-04
0.217005	2.26E-04
0.217415	2.23E-04
0.217825	2.19E-04
0.218235	2.16E-04
0.218645	2.13E-04
0.219055	2.10E-04
0.219465	2.07E-04
0.219875	2.04E-04
0.220285	2.01E-04
0.220695	1.98E-04
0.221105	1.95E-04
0.221515	1.92E-04
0.221925	1.90E-04
0.222335	1.87E-04
0.222745	1.84E-04
0.223155	1.81E-04
0.223565	1.79E-04
0.223975	1.76E-04
0.224385	1.74E-04
0.224795	1.71E-04
0.225205	1.69E-04
0.225615	1.66E-04
0.226025	1.64E-04
0.226435	1.61E-04
0.226845	1.59E-04
0.227255	1.56E-04
0.227665	1.54E-04
0.228075	1.52E-04
0.228485	1.50E-04
0.228895	1.47E-04
0.229305	1.45E-04
0.229715	1.43E-04
0.230125	1.41E-04
0.230535	1.39E-04
0.230945	1.37E-04
0.231355	1.35E-04
0.231765	1.33E-04
0.232175	1.31E-04
0.232585	1.29E-04
0.232995	1.27E-04
0.233405	1.25E-04
0.233815	1.23E-04
0.234225	1.21E-04
0.234635	1.19E-04
0.235045	1.17E-04
0.235455	1.16E-04
0.235865	1.14E-04
0.236275	1.12E-04
0.236685	1.10E-04
0.237095	1.09E-04
0.2375	1.07E-04
0.237905	1.05E-04
0.238315	1.04E-04
0.238725	1.02E-04
0.239135	1.01E-04
0.239545	9.90E-05
0.239955	9.75E-05
0.240365	9.60E-05
0.240775	9.45E-05
0.241185	9.30E-05
0.241595	9.16E-05
0.242005	9.02E-05
0.242415	8.88E-05
0.242825	8.74E-05
0.243235	8.60E-05
0.243645	8.47E-05
0.244055	8.34E-05
0.244465	8.21E-05
0.244875	8.08E-05
0.245285	7.95E-05
0.245695	7.83E-05
0.246105	7.71E-05
0.246515	7.59E-05
0.246925	7.47E-05
0.247335	7.35E-05
0.247745	7.24E-05
0.248155	7.12E-05
0.248565	7.01E-05
0.248975	6.90E-05
0.249385	6.79E-05
0.249795	6.68E-05
0.250205	6.58E-05
0.250615	6.47E-05
0.251025	6.37E-05
0.251435	6.27E-05
0.251845	6.17E-05
0.252255	6.07E-05
0.252665	5.98E-05
0.253075	5.88E-05
0.253485	5.79E-05
0.253895	5.70E-05
0.254305	5.61E-05
0.254715	5.52E-05
0.255125	5.43E-05
0.255535	5.34E-05
0.255945	5.26E-05
0.256355	5.17E-05
0.256765	5.09E-05
0.257175	5.01E-05
0.257585	4.93E-05
0.257995	4.85E-05
0.258405	4.77E-05
0.258815	4.70E-05
0.259225	4.62E-05
0.259635	4.55E-05
0.260045	4.47E-05
0.260455	4.40E-05
0.260865	4.33E-05
0.261275	4.26E-05
0.261685	4.19E-05
0.262095	4.12E-05
0.2625	4.06E-05
0.262905	3.99E-05
0.263315	3.93E-05
0.263725	3.86E-05
0.264135	3.80E-05
0.264545	3.74E-05
0.264955	3.68E-05
0.265365	3.62E-05
0.265775	3.56E-05
0.266185	3.50E-05
0.266595	3.44E-05
0.267005	3.39E-05
0.267415	3.33E-05
0.267825	3.28E-05
0.268235	3.22E-05
0.268645	3.17E-05
0.269055	3.12E-05
0.269465	3.07E-05
0.269875	3.02E-05
0.270285	2.97E-05
0.270695	2.92E-05
0.271105	2.87E-05
0.271515	2.82E-05
0.271925	2.78E-05
0.272335	2.73E-05
0.272745	2.69E-05
0.273155	2.64E-05
0.273565	2.60E-05
0.273975	2.56E-05
0.274385	2.51E-05
0.274795	2.47E-05
0.275205	2.43E-05
0.275615	2.39E-05
0.276025	2.35E-05
0.276435	2.31E-05
0.276845	2.28E-05
0.277255	2.24E-05
0.277665	2.20E-05
0.278075	2.16E-05
0.278485	2.13E-05
0.278895	2.09E-05
0.279305	2.06E-05
0.279715	2.02E-05
0.280125	1.99E-05
0.280535	1.96E-05
0.280945	1.92E-05
0.281355	1.89E-05
0.281765	1.86E-05
0.282175	1.83E-05
0.282585	1.80E-05
0.282995	1.77E-05
0.283405	1.74E-05
0.283815	1.71E-05
0.284225	1.68E-05
0.284635	1.65E-05
0.285045	1.63E-05
0.285455	1.60E-05
0.285865	1.57E-05
0.286275	1.55E-05
0.286685	1.52E-05
0.287095	1.49E-05
0.2875	1.47E-05
0.287905	1.44E-05
0.288315	1.42E-05
0.288725	1.40E-05
0.289135	1.37E-05
0.289545	1.35E-05
0.289955	1.33E-05
0.290365	1.30E-05
0.290775	1.28E-05
0.291185	1.26E-05
0.291595	1.24E-05
0.292005	1.22E-05
0.292415	1.20E-05
0.292825	1.18E-05
0.293235	1.16E-05
0.293645	1.14E-05
0.294055	1.12E-05
0.294465	1.10E-05
0.294875	1.08E-05
0.295285	1.06E-05
0.295695	1.05E-05
0.296105	1.03E-05
0.296515	1.01E-05
0.296925	9.93E-06
0.297335	9.76E-06
0.297745	9.59E-06
0.298155	9.43E-06
0.298565	9.27E-06
0.298975	9.11E-06
0.299385	8.96E-06
0.299795	8.81E-06
0.300205	8.66E-06
0.300615	8.51E-06
0.301025	8.36E-06
0.301435	8.22E-06
0.301845	8.08E-06
0.302255	7.94E-06
0.302665	7.81E-06
0.303075	7.68E-06
0.303485	7.55E-06
0.303895	7.42E-06
0.304305	7.29E-06
0.304715	7.17E-06
0.305125	7.04E-06
0.305535	6.92E-06
0.305945	6.80E-06
0.306355	6.69E-06
0.306765	6.57E-06
0.307175	6.46E-06
0.307585	6.35E-06
0.307995	6.24E-06
0.308405	6.14E-06
0.308815	6.03E-06
0.309225	5.93E-06
0.309635	5.83E-06
0.310045	5.73E-06
0.310455	5.63E-06
0.310865	5.53E-06
0.311275	5.44E-06
0.311685	5.34E-06
0.312095	5.25E-06
0.3125	5.16E-06
0.312905	5.07E-06
0.313315	4.98E-06
0.313725	4.90E-06
0.314135	4.82E-06
0.314545	4.73E-06
0.314955	4.65E-06
0.315365	4.57E-06
0.315775	4.49E-06
0.316185	4.42E-06
0.316595	4.34E-06
0.317005	4.26E-06
0.317415	4.19E-06
0.317825	4.12E-06
0.318235	4.05E-06
0.318645	3.98E-06
0.319055	3.91E-06
0.319465	3.84E-06
0.319875	3.78E-06
0.320285	3.71E-06
0.320695	3.65E-06
0.321105	3.58E-06
0.321515	3.52E-06
0.321925	3.46E-06
0.322335	3.40E-06
0.322745	3.34E-06
0.323155	3.29E-06
0.323565	3.23E-06
0.323975	3.17E-06
0.324385	3.12E-06
0.324795	3.06E-06
0.325205	3.01E-06
0.325615	2.96E-06
0.326025	2.91E-06
0.326435	2.86E-06
0.326845	2.81E-06
0.327255	2.76E-06