0.000205	3.85E-07
0.000615	1.12E-06
0.001025	1.86E-06
0.001435	2.87E-06
0.001845	4.28E-06
0.002255	5.98E-06
0.002665	7.95E-06
0.003075	1.02E-05
0.003485	1.27E-05
0.003895	1.56E-05
0.004305	1.87E-05
0.004715	2.20E-05
0.005125	2.57E-05
0.005535	2.96E-05
0.005945	3.38E-05
0.006355	3.83E-05
0.006765	4.31E-05
0.007175	4.82E-05
0.007585	5.35E-05
0.007995	5.91E-05
0.008405	6.49E-05
0.008815	7.11E-05
0.009225	7.75E-05
0.009635	8.42E-05
0.010045	9.12E-05
0.010455	9.84E-05
0.010865	1.06E-04
0.011275	1.14E-04
0.011685	1.22E-04
0.012095	1.30E-04
0.0125	1.39E-04
0.012905	1.47E-04
0.013315	1.57E-04
0.013725	1.66E-04
0.014135	1.76E-04
0.014545	1.85E-04
0.014955	1.96E-04
0.015365	2.06E-04
0.015775	2.17E-04
0.016185	2.27E-04
0.016595	2.39E-04
0.017005	2.50E-04
0.017415	2.62E-04
0.017825	2.73E-04
0.018235	2.86E-04
0.018645	2.98E-04
0.019055	3.11E-04
0.019465	3.23E-04
0.019875	3.37E-04
0.020285	3.50E-04
0.020695	3.63E-04
0.021105	3.77E-04
0.021515	3.91E-04
0.021925	4.05E-04
0.022335	4.20E-04
0.022745	4.35E-04
0.023155	4.49E-04
0.023565	4.65E-04
0.023975	4.80E-04
0.024385	4.95E-04
0.024795	5.11E-04
0.025205	5.27E-04
0.025615	5.43E-04
0.026025	5.60E-04
0.026435	5.76E-04
0.026845	5.93E-04
0.027255	6.10E-04
0.027665	6.27E-04
0.028075	6.44E-04
0.028485	6.62E-04
0.028895	6.80E-04
0.029305	6.97E-04
0.029715	7.16E-04
0.030125	7.34E-04
0.030535	7.52E-04
0.030945	7.71E-04
0.031355	7.89E-04
0.031765	8.08E-04
0.032175	8.27E-04
0.032585	8.47E-04
0.032995	8.66E-04
0.033405	8.85E-04
0.033815	9.05E-04
0.034225	9.25E-04
0.034635	9.45E-04
0.035045	9.65E-04
0.035455	9.85E-04
0.035865	1.01E-03
0.036275	1.03E-03
0.036685	1.05E-03
0.037095	1.07E-03
0.0375	1.09E-03
0.037905	1.11E-03
0.038315	1.13E-03
0.038725	1.15E-03
0.039135	1.17E-03
0.039545	1.19E-03
0.039955	1.21E-03
0.040365	1.24E-03
0.040775	1.26E-03
0.041185	1.28E-03
0.041595	1.30E-03
0.042005	1.32E-03
0.042415	1.34E-03
0.042825	1.37E-03
0.043235	1.39E-03
0.043645	1.41E-03
0.044055	1.43E-03
0.044465	1.45E-03
0.044875	1.47E-03
0.045285	1.50E-03
0.045695	1.52E-03
0.046105	1.54E-03
0.046515	1.56E-03
0.046925	1.59E-03
0.047335	1.61E-03
0.047745	1.63E-03
0.048155	1.65E-03
0.048565	1.67E-03
0.048975	1.70E-03
0.049385	1.72E-03
0.049795	1.74E-03
0.050205	1.76E-03
0.050615	1.78E-03
0.051025	1.81E-03
0.051435	1.83E-03
0.051845	1.85E-03
0.052255	1.87E-03
0.052665	1.89E-03
0.053075	1.92E-03
0.053485	1.94E-03
0.053895	1.96E-03
0.054305	1.98E-03
0.054715	2.00E-03
0.055125	2.02E-03
0.055535	2.05E-03
0.055945	2.07E-03
0.056355	2.09E-03
0.056765	2.11E-03
0.057175	2.13E-03
0.057585	2.15E-03
0.057995	2.17E-03
0.058405	2.19E-03
0.058815	2.21E-03
0.059225	2.23E-03
0.059635	2.25E-03
0.060045	2.28E-03
0.060455	2.30E-03
0.060865	2.32E-03
0.061275	2.34E-03
0.061685	2.36E-03
0.062095	2.38E-03
0.0625	2.39E-03
0.062905	2.41E-03
0.063315	2.43E-03
0.063725	2.45E-03
0.064135	2.47E-03
0.064545	2.49E-03
0.064955	2.51E-03
0.065365	2.53E-03
0.065775	2.55E-03
0.066185	2.56E-03
0.066595	2.58E-03
0.067005	2.60E-03
0.067415	2.62E-03
0.067825	2.64E-03
0.068235	2.65E-03
0.068645	2.67E-03
0.069055	2.69E-03
0.069465	2.70E-03
0.069875	2.72E-03
0.070285	2.74E-03
0.070695	2.75E-03
0.071105	2.77E-03
0.071515	2.78E-03
0.071925	2.80E-03
0.072335	2.82E-03
0.072745	2.83E-03
0.073155	2.85E-03
0.073565	2.86E-03
0.073975	2.87E-03
0.074385	2.89E-03
0.074795	2.90E-03
0.075205	2.92E-03
0.075615	2.93E-03
0.076025	2.94E-03
0.076435	2.96E-03
0.076845	2.97E-03
0.077255	2.98E-03
0.077665	2.99E-03
0.078075	3.01E-03
0.078485	3.02E-03
0.078895	3.03E-03
0.079305	3.04E-03
0.079715	3.05E-03
0.080125	3.06E-03
0.080535	3.08E-03
0.080945	3.09E-03
0.081355	3.10E-03
0.081765	3.11E-03
0.082175	3.12E-03
0.082585	3.13E-03
0.082995	3.14E-03
0.083405	3.14E-03
0.083815	3.15E-03
0.084225	3.16E-03
0.084635	3.17E-03
0.085045	3.18E-03
0.085455	3.19E-03
0.085865	3.19E-03
0.086275	3.20E-03
0.086685	3.21E-03
0.087095	3.22E-03
0.0875	3.22E-03
0.087905	3.23E-03
0.088315	3.24E-03
0.088725	3.24E-03
0.089135	3.25E-03
0.089545	3.25E-03
0.089955	3.26E-03
0.090365	3.26E-03
0.090775	3.27E-03
0.091185	3.27E-03
0.091595	3.28E-03
0.092005	3.28E-03
0.092415	3.28E-03
0.092825	3.29E-03
0.093235	3.29E-03
0.093645	3.29E-03
0.094055	3.30E-03
0.094465	3.30E-03
0.094875	3.30E-03
0.095285	3.30E-03
0.095695	3.30E-03
0.096105	3.31E-03
0.096515	3.31E-03
0.096925	3.31E-03
0.097335	3.31E-03
0.097745	3.31E-03
0.098155	3.31E-03
0.098565	3.31E-03
0.098975	3.31E-03
0.099385	3.31E-03
0.099795	3.31E-03
0.100205	3.31E-03
0.100615	3.31E-03
0.101025	3.31E-03
0.101435	3.31E-03
0.101845	3.30E-03
0.102255	3.30E-03
0.102665	3.30E-03
0.103075	3.30E-03
0.103485	3.29E-03
0.103895	3.29E-03
0.104305	3.29E-03
0.104715	3.29E-03
0.105125	3.28E-03
0.105535	3.28E-03
0.105945	3.28E-03
0.106355	3.27E-03
0.106765	3.27E-03
0.107175	3.26E-03
0.107585	3.26E-03
0.107995	3.25E-03
0.108405	3.25E-03
0.108815	3.24E-03
0.109225	3.24E-03
0.109635	3.23E-03
0.110045	3.23E-03
0.110455	3.22E-03
0.110865	3.22E-03
0.111275	3.21E-03
0.111685	3.20E-03
0.112095	3.20E-03
0.1125	3.19E-03
0.112905	3.18E-03
0.113315	3.18E-03
0.113725	3.17E-03
0.114135	3.16E-03
0.114545	3.15E-03
0.114955	3.15E-03
0.115365	3.14E-03
0.115775	3.13E-03
0.116185	3.12E-03
0.116595	3.11E-03
0.117005	3.10E-03
0.117415	3.10E-03
0.117825	3.09E-03
0.118235	3.08E-03
0.118645	3.07E-03
0.119055	3.06E-03
0.119465	3.05E-03
0.119875	3.04E-03
0.120285	3.03E-03
0.120695	3.02E-03
0.121105	3.01E-03
0.121515	3.00E-03
0.121925	2.99E-03
0.122335	2.98E-03
0.122745	2.97E-03
0.123155	2.96E-03
0.123565	2.95E-03
0.123975	2.94E-03
0.124385	2.93E-03
0.124795	2.92E-03
0.125205	2.91E-03
0.125615	2.90E-03
0.126025	2.88E-03
0.126435	2.87E-03
0.126845	2.86E-03
0.127255	2.85E-03
0.127665	2.84E-03
0.128075	2.83E-03
0.128485	2.81E-03
0.128895	2.80E-03
0.129305	2.79E-03
0.129715	2.78E-03
0.130125	2.77E-03
0.130535	2.75E-03
0.130945	2.74E-03
0.131355	2.73E-03
0.131765	2.72E-03
0.132175	2.70E-03
0.132585	2.69E-03
0.132995	2.68E-03
0.133405	2.67E-03
0.133815	2.65E-03
0.134225	2.64E-03
0.134635	2.63E-03
0.135045	2.62E-03
0.135455	2.60E-03
0.135865	2.59E-03
0.136275	2.58E-03
0.136685	2.56E-03
0.137095	2.55E-03
0.1375	2.54E-03
0.137905	2.52E-03
0.138315	2.51E-03
0.138725	2.50E-03
0.139135	2.48E-03
0.139545	2.47E-03
0.139955	2.46E-03
0.140365	2.44E-03
0.140775	2.43E-03
0.141185	2.42E-03
0.141595	2.40E-03
0.142005	2.39E-03
0.142415	2.38E-03
0.142825	2.36E-03
0.143235	2.35E-03
0.143645	2.34E-03
0.144055	2.32E-03
0.144465	2.31E-03
0.144875	2.29E-03
0.145285	2.28E-03
0.145695	2.27E-03
0.146105	2.25E-03
0.146515	2.24E-03
0.146925	2.23E-03
0.147335	2.21E-03
0.147745	2.20E-03
0.148155	2.18E-03
0.148565	2.17E-03
0.148975	2.16E-03
0.149385	2.14E-03
0.149795	2.13E-03
0.150205	2.12E-03
0.150615	2.10E-03
0.151025	2.09E-03
0.151435	2.08E-03
0.151845	2.06E-03
0.152255	2.05E-03
0.152665	2.03E-03
0.153075	2.02E-03
0.153485	2.01E-03
0.153895	1.99E-03
0.154305	1.98E-03
0.154715	1.97E-03
0.155125	1.95E-03
0.155535	1.94E-03
0.155945	1.93E-03
0.156355	1.91E-03
0.156765	1.90E-03
0.157175	1.89E-03
0.157585	1.87E-03
0.157995	1.86E-03
0.158405	1.85E-03
0.158815	1.83E-03
0.159225	1.82E-03
0.159635	1.81E-03
0.160045	1.79E-03
0.160455	1.78E-03
0.160865	1.77E-03
0.161275	1.75E-03
0.161685	1.74E-03
0.162095	1.73E-03
0.1625	1.72E-03
0.162905	1.70E-03
0.163315	1.69E-03
0.163725	1.68E-03
0.164135	1.66E-03
0.164545	1.65E-03
0.164955	1.64E-03
0.165365	1.63E-03
0.165775	1.61E-03
0.166185	1.60E-03
0.166595	1.59E-03
0.167005	1.58E-03
0.167415	1.56E-03
0.167825	1.55E-03
0.168235	1.54E-03
0.168645	1.53E-03
0.169055	1.51E-03
0.169465	1.50E-03
0.169875	1.49E-03
0.170285	1.48E-03
0.170695	1.47E-03
0.171105	1.45E-03
0.171515	1.44E-03
0.171925	1.43E-03
0.172335	1.42E-03
0.172745	1.41E-03
0.173155	1.40E-03
0.173565	1.38E-03
0.173975	1.37E-03
0.174385	1.36E-03
0.174795	1.35E-03
0.175205	1.34E-03
0.175615	1.33E-03
0.176025	1.32E-03
0.176435	1.30E-03
0.176845	1.29E-03
0.177255	1.28E-03
0.177665	1.27E-03
0.178075	1.26E-03
0.178485	1.25E-03
0.178895	1.24E-03
0.179305	1.23E-03
0.179715	1.22E-03
0.180125	1.21E-03
0.180535	1.20E-03
0.180945	1.19E-03
0.181355	1.17E-03
0.181765	1.16E-03
0.182175	1.15E-03
0.182585	1.14E-03
0.182995	1.13E-03
0.183405	1.12E-03
0.183815	1.11E-03
0.184225	1.10E-03
0.184635	1.09E-03
0.185045	1.08E-03
0.185455	1.07E-03
0.185865	1.06E-03
0.186275	1.05E-03
0.186685	1.04E-03
0.187095	1.03E-03
0.1875	1.02E-03
0.187905	1.02E-03
0.188315	1.01E-03
0.188725	9.96E-04
0.189135	9.87E-04
0.189545	9.78E-04
0.189955	9.69E-04
0.190365	9.59E-04
0.190775	9.50E-04
0.191185	9.41E-04
0.191595	9.32E-04
0.192005	9.24E-04
0.192415	9.15E-04
0.192825	9.06E-04
0.193235	8.97E-04
0.193645	8.89E-04
0.194055	8.80E-04
0.194465	8.72E-04
0.194875	8.63E-04
0.195285	8.55E-04
0.195695	8.47E-04
0.196105	8.38E-04
0.196515	8.30E-04
0.196925	8.22E-04
0.197335	8.14E-04
0.197745	8.06E-04
0.198155	7.98E-04
0.198565	7.90E-04
0.198975	7.82E-04
0.199385	7.75E-04
0.199795	7.67E-04
0.200205	7.59E-04
0.200615	7.52E-04
0.201025	7.44E-04
0.201435	7.37E-04
0.201845	7.29E-04
0.202255	7.22E-04
0.202665	7.15E-04
0.203075	7.08E-04
0.203485	7.00E-04
0.203895	6.93E-04
0.204305	6.86E-04
0.204715	6.79E-04
0.205125	6.72E-04
0.205535	6.65E-04
0.205945	6.59E-04
0.206355	6.52E-04
0.206765	6.45E-04
0.207175	6.38E-04
0.207585	6.32E-04
0.207995	6.25E-04
0.208405	6.19E-04
0.208815	6.12E-04
0.209225	6.06E-04
0.209635	6.00E-04
0.210045	5.93E-04
0.210455	5.87E-04
0.210865	5.81E-04
0.211275	5.75E-04
0.211685	5.69E-04
0.212095	5.63E-04
0.2125	5.57E-04
0.212905	5.51E-04
0.213315	5.45E-04
0.213725	5.39E-04
0.214135	5.34E-04
0.214545	5.28E-04
0.214955	5.22E-04
0.215365	5.17E-04
0.215775	5.11E-04
0.216185	5.06E-04
0.216595	5.00E-04
0.217005	4.95E-04
0.217415	4.90E-04
0.217825	4.84E-04
0.218235	4.79E-04
0.218645	4.74E-04
0.219055	4.69E-04
0.219465	4.64E-04
0.219875	4.59E-04
0.220285	4.54E-04
0.220695	4.49E-04
0.221105	4.44E-04
0.221515	4.39E-04
0.221925	4.34E-04
0.222335	4.29E-04
0.222745	4.25E-04
0.223155	4.20E-04
0.223565	4.15E-04
0.223975	4.11E-04
0.224385	4.06E-04
0.224795	4.02E-04
0.225205	3.97E-04
0.225615	3.93E-04
0.226025	3.88E-04
0.226435	3.84E-04
0.226845	3.80E-04
0.227255	3.75E-04
0.227665	3.71E-04
0.228075	3.67E-04
0.228485	3.63E-04
0.228895	3.59E-04
0.229305	3.55E-04
0.229715	3.51E-04
0.230125	3.47E-04
0.230535	3.43E-04
0.230945	3.39E-04
0.231355	3.35E-04
0.231765	3.31E-04
0.232175	3.28E-04
0.232585	3.24E-04
0.232995	3.20E-04
0.233405	3.16E-04
0.233815	3.13E-04
0.234225	3.09E-04
0.234635	3.06E-04
0.235045	3.02E-04
0.235455	2.99E-04
0.235865	2.95E-04
0.236275	2.92E-04
0.236685	2.89E-04
0.237095	2.85E-04
0.2375	2.82E-04
0.237905	2.79E-04
0.238315	2.75E-04
0.238725	2.72E-04
0.239135	2.69E-04
0.239545	2.66E-04
0.239955	2.63E-04
0.240365	2.60E-04
0.240775	2.57E-04
0.241185	2.54E-04
0.241595	2.51E-04
0.242005	2.48E-04
0.242415	2.45E-04
0.242825	2.42E-04
0.243235	2.39E-04
0.243645	2.36E-04
0.244055	2.34E-04
0.244465	2.31E-04
0.244875	2.28E-04
0.245285	2.25E-04
0.245695	2.23E-04
0.246105	2.20E-04
0.246515	2.18E-04
0.246925	2.15E-04
0.247335	2.12E-04
0.247745	2.10E-04
0.248155	2.07E-04
0.248565	2.05E-04
0.248975	2.02E-04
0.249385	2.00E-04
0.249795	1.98E-04
0.250205	1.95E-04
0.250615	1.93E-04
0.251025	1.91E-04
0.251435	1.88E-04
0.251845	1.86E-04
0.252255	1.84E-04
0.252665	1.82E-04
0.253075	1.79E-04
0.253485	1.77E-04
0.253895	1.75E-04
0.254305	1.73E-04
0.254715	1.71E-04
0.255125	1.69E-04
0.255535	1.67E-04
0.255945	1.65E-04
0.256355	1.63E-04
0.256765	1.61E-04
0.257175	1.59E-04
0.257585	1.57E-04
0.257995	1.55E-04
0.258405	1.53E-04
0.258815	1.51E-04
0.259225	1.49E-04
0.259635	1.48E-04
0.260045	1.46E-04
0.260455	1.44E-04
0.260865	1.42E-04
0.261275	1.41E-04
0.261685	1.39E-04
0.262095	1.37E-04
0.2625	1.35E-04
0.262905	1.34E-04
0.263315	1.32E-04
0.263725	1.30E-04
0.264135	1.29E-04
0.264545	1.27E-04
0.264955	1.26E-04
0.265365	1.24E-04
0.265775	1.23E-04
0.266185	1.21E-04
0.266595	1.20E-04
0.267005	1.18E-04
0.267415	1.17E-04
0.267825	1.15E-04
0.268235	1.14E-04
0.268645	1.12E-04
0.269055	1.11E-04
0.269465	1.10E-04
0.269875	1.08E-04
0.270285	1.07E-04
0.270695	1.06E-04
0.271105	1.04E-04
0.271515	1.03E-04
0.271925	1.02E-04
0.272335	1.00E-04
0.272745	9.91E-05
0.273155	9.78E-05
0.273565	9.66E-05
0.273975	9.54E-05
0.274385	9.42E-05
0.274795	9.30E-05
0.275205	9.18E-05
0.275615	9.07E-05
0.276025	8.95E-05
0.276435	8.84E-05
0.276845	8.73E-05
0.277255	8.62E-05
0.277665	8.51E-05
0.278075	8.40E-05
0.278485	8.30E-05
0.278895	8.19E-05
0.279305	8.09E-05
0.279715	7.99E-05
0.280125	7.89E-05
0.280535	7.79E-05
0.280945	7.69E-05
0.281355	7.59E-05
0.281765	7.49E-05
0.282175	7.40E-05
0.282585	7.30E-05
0.282995	7.21E-05
0.283405	7.12E-05
0.283815	7.03E-05
0.284225	6.94E-05
0.284635	6.85E-05
0.285045	6.76E-05
0.285455	6.68E-05
0.285865	6.59E-05
0.286275	6.51E-05
0.286685	6.43E-05
0.287095	6.34E-05
0.2875	6.26E-05
0.287905	6.18E-05
0.288315	6.10E-05
0.288725	6.03E-05
0.289135	5.95E-05
0.289545	5.87E-05
0.289955	5.80E-05
0.290365	5.72E-05
0.290775	5.65E-05
0.291185	5.58E-05
0.291595	5.51E-05
0.292005	5.43E-05
0.292415	5.36E-05
0.292825	5.30E-05
0.293235	5.23E-05
0.293645	5.16E-05
0.294055	5.09E-05
0.294465	5.03E-05
0.294875	4.96E-05
0.295285	4.90E-05
0.295695	4.84E-05
0.296105	4.77E-05
0.296515	4.71E-05
0.296925	4.65E-05
0.297335	4.59E-05
0.297745	4.53E-05
0.298155	4.47E-05
0.298565	4.42E-05
0.298975	4.36E-05
0.299385	4.30E-05
0.299795	4.25E-05
0.300205	4.19E-05
0.300615	4.14E-05
0.301025	4.08E-05
0.301435	4.03E-05
0.301845	3.98E-05
0.302255	3.93E-05
0.302665	3.88E-05
0.303075	3.83E-05
0.303485	3.78E-05
0.303895	3.73E-05
0.304305	3.68E-05
0.304715	3.63E-05
0.305125	3.58E-05
0.305535	3.54E-05
0.305945	3.49E-05
0.306355	3.45E-05
0.306765	3.40E-05
0.307175	3.36E-05
0.307585	3.31E-05
0.307995	3.27E-05
0.308405	3.23E-05
0.308815	3.19E-05
0.309225	3.14E-05
0.309635	3.10E-05
0.310045	3.06E-05
0.310455	3.02E-05
0.310865	2.98E-05
0.311275	2.94E-05
0.311685	2.91E-05
0.312095	2.87E-05
0.3125	2.83E-05
0.312905	2.79E-05
0.313315	2.76E-05
0.313725	2.72E-05
0.314135	2.69E-05
0.314545	2.65E-05
0.314955	2.62E-05
0.315365	2.58E-05
0.315775	2.55E-05
0.316185	2.51E-05
0.316595	2.48E-05
0.317005	2.45E-05
0.317415	2.42E-05
0.317825	2.38E-05
0.318235	2.35E-05
0.318645	2.32E-05
0.319055	2.29E-05
0.319465	2.26E-05
0.319875	2.23E-05
0.320285	2.20E-05
0.320695	2.17E-05
0.321105	2.15E-05
0.321515	2.12E-05
0.321925	2.09E-05
0.322335	2.06E-05
0.322745	2.03E-05
0.323155	2.01E-05
0.323565	1.98E-05
0.323975	1.96E-05
0.324385	1.93E-05
0.324795	1.90E-05
0.325205	1.88E-05
0.325615	1.85E-05
0.326025	1.83E-05
0.326435	1.81E-05
0.326845	1.78E-05
0.327255	1.76E-05