0.10000000E+01 0.14179232E-11
0.10456357E+01 0.14245720E-11
0.10933540E+01 0.14314608E-11
0.11432499E+01 0.14385951E-11
0.11954229E+01 0.14459798E-11
0.12499768E+01 0.14536198E-11
0.13070204E+01 0.14615196E-11
0.13666671E+01 0.14696832E-11
0.14290359E+01 0.14781141E-11
0.14942509E+01 0.14868155E-11
0.15624421E+01 0.14957898E-11
0.16337452E+01 0.15050386E-11
0.17083022E+01 0.15145628E-11
0.17862617E+01 0.15243626E-11
0.18677790E+01 0.15344368E-11
0.19530164E+01 0.15447833E-11
0.20421436E+01 0.15553988E-11
0.21353382E+01 0.15662784E-11
0.22327858E+01 0.15774158E-11
0.23346805E+01 0.15888031E-11
0.24412252E+01 0.16004303E-11
0.25526322E+01 0.16122855E-11
0.26691232E+01 0.16243547E-11
0.27909305E+01 0.16366213E-11
0.29182965E+01 0.16490663E-11
0.30514749E+01 0.16616677E-11
0.31907310E+01 0.16744008E-11
0.33363422E+01 0.16872373E-11
0.34885984E+01 0.17001459E-11
0.36478030E+01 0.17130912E-11
0.38142729E+01 0.17260344E-11
0.39883398E+01 0.17389325E-11
0.41703504E+01 0.17517384E-11
0.43606672E+01 0.17644005E-11
0.45596692E+01 0.17768630E-11
0.47677528E+01 0.17890654E-11
0.49853324E+01 0.18009429E-11
0.52128414E+01 0.18124262E-11
0.54507329E+01 0.18234417E-11
0.56994808E+01 0.18339119E-11
0.59595804E+01 0.18437557E-11
0.62315499E+01 0.18528889E-11
0.65159309E+01 0.18612252E-11
0.68132898E+01 0.18686772E-11
0.71242189E+01 0.18751574E-11
0.74493374E+01 0.18805803E-11
0.77892930E+01 0.18848643E-11
0.81447626E+01 0.18879340E-11
0.85164544E+01 0.18897241E-11
0.89051085E+01 0.18901822E-11
0.93114992E+01 0.18892743E-11
0.97364357E+01 0.18869901E-11
0.10180765E+02 0.18833495E-11
0.10645371E+02 0.18784109E-11
0.11131179E+02 0.18722804E-11
0.11639158E+02 0.18651234E-11
0.12170319E+02 0.18571775E-11
0.12725720E+02 0.18487688E-11
0.13306467E+02 0.18403298E-11
0.13913716E+02 0.18324216E-11
0.14548678E+02 0.18257592E-11
0.15212617E+02 0.18210592E-11
0.15906855E+02 0.18185112E-11
0.16632775E+02 0.18181418E-11
0.17391823E+02 0.18199300E-11
0.18185510E+02 0.18237951E-11
0.19015418E+02 0.18295807E-11
0.19883200E+02 0.18370376E-11
0.20790583E+02 0.18458019E-11
0.21739375E+02 0.18553702E-11
0.22731466E+02 0.18650703E-11
0.23768832E+02 0.18740286E-11
0.24853539E+02 0.18815007E-11
0.25987747E+02 0.18873302E-11
0.27173715E+02 0.18914526E-11
0.28413806E+02 0.18938295E-11
0.29710489E+02 0.18944566E-11
0.31066348E+02 0.18933730E-11
0.32484081E+02 0.18906724E-11
0.33966514E+02 0.18865172E-11
0.35516599E+02 0.18811534E-11
0.37137423E+02 0.18749306E-11
0.38832214E+02 0.18683231E-11
0.40604349E+02 0.18619571E-11
0.42457356E+02 0.18566257E-11
0.44394926E+02 0.18528149E-11
0.46420918E+02 0.18504518E-11
0.48539368E+02 0.18493613E-11
0.50754495E+02 0.18492812E-11
0.53070711E+02 0.18498432E-11
0.55492628E+02 0.18505502E-11
0.58025072E+02 0.18507493E-11
0.60673085E+02 0.18498328E-11
0.63441942E+02 0.18477111E-11
0.66337158E+02 0.18444177E-11
0.69364499E+02 0.18400244E-11
0.72529995E+02 0.18346501E-11
0.75839950E+02 0.18284720E-11
0.79300958E+02 0.18217383E-11
0.82919910E+02 0.18147833E-11
0.86704016E+02 0.18079957E-11
0.90660813E+02 0.18014667E-11
0.94798180E+02 0.17951032E-11
0.99124359E+02 0.17887740E-11
0.10364797E+03 0.17823029E-11
0.10837801E+03 0.17754593E-11
0.11332391E+03 0.17680343E-11
0.11849553E+03 0.17600159E-11
0.12390315E+03 0.17514438E-11
0.12955756E+03 0.17423787E-11
0.13547000E+03 0.17329069E-11
0.14165227E+03 0.17231456E-11
0.14811666E+03 0.17131974E-11
0.15487607E+03 0.17030521E-11
0.16194394E+03 0.16926715E-11
0.16933436E+03 0.16820051E-11
0.17706205E+03 0.16709889E-11
0.18514240E+03 0.16595842E-11
0.19359150E+03 0.16477980E-11
0.20242617E+03 0.16356449E-11
0.21166403E+03 0.16231462E-11
0.22132346E+03 0.16103250E-11
0.23142371E+03 0.15971799E-11
0.24198488E+03 0.15836975E-11
0.25302803E+03 0.15698608E-11
0.26457513E+03 0.15556491E-11
0.27664920E+03 0.15410481E-11
0.28927427E+03 0.15260458E-11
0.30247550E+03 0.15106277E-11
0.31627917E+03 0.14947812E-11
0.33071278E+03 0.14785034E-11
0.34580508E+03 0.14617934E-11
0.36158613E+03 0.14446498E-11
0.37808736E+03 0.14270577E-11
0.39534163E+03 0.14089847E-11
0.41338331E+03 0.13903920E-11
0.43224834E+03 0.13712671E-11
0.45197428E+03 0.13516202E-11
0.47260044E+03 0.13314667E-11
0.49416788E+03 0.13108246E-11
0.51671956E+03 0.12897126E-11
0.54030041E+03 0.12681457E-11
0.56495738E+03 0.12461028E-11
0.59073959E+03 0.12235426E-11
0.61769839E+03 0.12004230E-11
0.64588748E+03 0.11767866E-11
0.67536299E+03 0.11527219E-11
0.70618363E+03 0.11282552E-11
0.73841080E+03 0.11033822E-11
0.77210867E+03 0.10781022E-11
0.80734438E+03 0.10524605E-11
0.84418808E+03 0.10265034E-11
0.88271317E+03 0.10002401E-11
0.92299639E+03 0.97367277E-12
0.96511795E+03 0.94684524E-12
0.10091618E+04 0.91982483E-12
0.10552155E+04 0.89263376E-12
0.11033710E+04 0.86528345E-12
0.11537241E+04 0.83781576E-12
0.12063751E+04 0.81028514E-12
0.12614288E+04 0.78272665E-12
0.13189950E+04 0.75517326E-12
0.13791882E+04 0.72766790E-12
0.14421284E+04 0.70025289E-12
0.15079409E+04 0.67296774E-12
0.15767568E+04 0.64586641E-12
0.16487131E+04 0.61899452E-12
0.17239533E+04 0.59237192E-12
0.18026270E+04 0.56603916E-12
0.18848911E+04 0.54005570E-12
0.19709094E+04 0.51447819E-12
0.20608532E+04 0.48931915E-12
0.21549016E+04 0.46460300E-12
0.22532420E+04 0.44039440E-12
0.23560703E+04 0.41672040E-12
0.24635911E+04 0.39363485E-12
0.25760188E+04 0.37116458E-12
0.26935771E+04 0.34930371E-12
0.28165003E+04 0.32811696E-12
0.29450332E+04 0.30762324E-12
0.30794318E+04 0.28784313E-12
0.32199637E+04 0.26880654E-12
0.33669090E+04 0.25052430E-12
0.35205601E+04 0.23300407E-12
0.36812233E+04 0.21626125E-12
0.38492184E+04 0.20030640E-12
0.40248800E+04 0.18513606E-12
0.42085582E+04 0.17075416E-12
0.44006186E+04 0.15715016E-12
0.46014438E+04 0.14431873E-12
0.48114338E+04 0.13225184E-12
0.50310068E+04 0.12092934E-12
0.52606002E+04 0.11033452E-12
0.55006712E+04 0.10044541E-12
0.57516981E+04 0.91241942E-13
0.60141807E+04 0.82697545E-13
0.62886419E+04 0.74787869E-13
0.65756283E+04 0.67484251E-13
0.68757115E+04 0.60759020E-13
0.71894893E+04 0.54581532E-13
0.75175865E+04 0.48921416E-13
0.78606566E+04 0.43750333E-13
0.82193830E+04 0.39038556E-13
0.85944801E+04 0.34757520E-13
0.89866950E+04 0.30878000E-13
0.93968089E+04 0.27372501E-13
0.98256386E+04 0.24210789E-13
0.10274038E+05 0.21366636E-13
0.10742901E+05 0.18815812E-13
0.11233160E+05 0.16534136E-13
0.11745793E+05 0.14498144E-13
0.12281820E+05 0.12688512E-13
0.12842310E+05 0.11079695E-13
0.13428377E+05 0.96539721E-14
0.14041190E+05 0.83943548E-14
0.14681969E+05 0.72838195E-14
0.15351991E+05 0.63080957E-14
0.16052589E+05 0.54519316E-14
0.16785160E+05 0.47049850E-14
0.17551162E+05 0.40502867E-14
0.18352121E+05 0.34798797E-14
0.19189633E+05 0.29841049E-14
0.20065365E+05 0.25542210E-14
0.20981061E+05 0.21821786E-14
0.21938546E+05 0.18609040E-14
0.22939727E+05 0.15853226E-14
0.23986596E+05 0.13470522E-14
0.25081241E+05 0.11424815E-14
0.26225840E+05 0.96733008E-15
0.27422674E+05 0.81762402E-15
0.28674126E+05 0.68991622E-15
0.29982690E+05 0.58140891E-15
0.31350970E+05 0.48938341E-15
0.32781693E+05 0.41085382E-15
0.34277707E+05 0.34438209E-15
0.35841994E+05 0.28818850E-15
0.37477667E+05 0.24079812E-15
0.39187986E+05 0.20089688E-15
0.40976356E+05 0.16747130E-15
0.42846340E+05 0.13939210E-15
0.44801661E+05 0.11574361E-15
0.46846215E+05 0.95966566E-16
0.48984074E+05 0.79434058E-16
0.51219495E+05 0.65675375E-16
0.53556932E+05 0.54201359E-16
0.56001038E+05 0.44808241E-16
0.58556683E+05 0.36867903E-16
0.61228957E+05 0.30300336E-16
0.64023182E+05 0.24866735E-16
0.66944923E+05 0.20377049E-16
0.70000000E+05 0.16685228E-16
