0.10000000E+01 0.37456130E-11
0.10456357E+01 0.37467808E-11
0.10933540E+01 0.37479776E-11
0.11432499E+01 0.37492028E-11
0.11954229E+01 0.37504555E-11
0.12499768E+01 0.37517345E-11
0.13070204E+01 0.37530385E-11
0.13666671E+01 0.37543661E-11
0.14290359E+01 0.37557152E-11
0.14942509E+01 0.37570838E-11
0.15624421E+01 0.37584694E-11
0.16337452E+01 0.37598693E-11
0.17083022E+01 0.37612801E-11
0.17862617E+01 0.37626985E-11
0.18677790E+01 0.37641204E-11
0.19530164E+01 0.37655415E-11
0.20421436E+01 0.37669567E-11
0.21353382E+01 0.37683609E-11
0.22327858E+01 0.37697480E-11
0.23346805E+01 0.37711118E-11
0.24412252E+01 0.37724452E-11
0.25526322E+01 0.37737409E-11
0.26691232E+01 0.37749907E-11
0.27909305E+01 0.37761862E-11
0.29182965E+01 0.37773182E-11
0.30514749E+01 0.37783772E-11
0.31907310E+01 0.37793533E-11
0.33363422E+01 0.37802359E-11
0.34885984E+01 0.37810146E-11
0.36478030E+01 0.37816786E-11
0.38142729E+01 0.37822170E-11
0.39883398E+01 0.37826193E-11
0.41703504E+01 0.37828755E-11
0.43606672E+01 0.37829762E-11
0.45596692E+01 0.37829131E-11
0.47677528E+01 0.37826799E-11
0.49853324E+01 0.37822719E-11
0.52128414E+01 0.37816878E-11
0.54507329E+01 0.37809294E-11
0.56994808E+01 0.37800034E-11
0.59595804E+01 0.37789190E-11
0.62315499E+01 0.37776703E-11
0.65159309E+01 0.37762442E-11
0.68132898E+01 0.37746278E-11
0.71242189E+01 0.37728075E-11
0.74493374E+01 0.37707700E-11
0.77892930E+01 0.37685020E-11
0.81447626E+01 0.37659906E-11
0.85164544E+01 0.37632237E-11
0.89051085E+01 0.37601900E-11
0.93114992E+01 0.37568799E-11
0.97364357E+01 0.37532859E-11
0.10180765E+02 0.37494031E-11
0.10645371E+02 0.37452300E-11
0.11131179E+02 0.37407695E-11
0.11639158E+02 0.37360262E-11
0.12170319E+02 0.37309924E-11
0.12725720E+02 0.37256576E-11
0.13306467E+02 0.37200124E-11
0.13913716E+02 0.37140490E-11
0.14548678E+02 0.37077618E-11
0.15212617E+02 0.37011473E-11
0.15906855E+02 0.36942060E-11
0.16632775E+02 0.36869419E-11
0.17391823E+02 0.36793644E-11
0.18185510E+02 0.36714889E-11
0.19015418E+02 0.36633313E-11
0.19883200E+02 0.36548879E-11
0.20790583E+02 0.36461499E-11
0.21739375E+02 0.36371084E-11
0.22731466E+02 0.36277537E-11
0.23768832E+02 0.36180752E-11
0.24853539E+02 0.36080617E-11
0.25987747E+02 0.35977009E-11
0.27173715E+02 0.35869794E-11
0.28413806E+02 0.35758874E-11
0.29710489E+02 0.35644164E-11
0.31066348E+02 0.35525584E-11
0.32484081E+02 0.35403051E-11
0.33966514E+02 0.35276486E-11
0.35516599E+02 0.35145808E-11
0.37137423E+02 0.35010938E-11
0.38832214E+02 0.34871793E-11
0.40604349E+02 0.34728278E-11
0.42457356E+02 0.34580292E-11
0.44394926E+02 0.34427727E-11
0.46420918E+02 0.34270463E-11
0.48539368E+02 0.34108367E-11
0.50754495E+02 0.33941291E-11
0.53070711E+02 0.33769074E-11
0.55492628E+02 0.33591532E-11
0.58025072E+02 0.33408455E-11
0.60673085E+02 0.33219594E-11
0.63441942E+02 0.33024659E-11
0.66337158E+02 0.32823406E-11
0.69364499E+02 0.32615668E-11
0.72529995E+02 0.32401273E-11
0.75839950E+02 0.32180033E-11
0.79300958E+02 0.31951741E-11
0.82919910E+02 0.31716192E-11
0.86704016E+02 0.31473211E-11
0.90660813E+02 0.31222609E-11
0.94798180E+02 0.30964184E-11
0.99124359E+02 0.30697740E-11
0.10364797E+03 0.30423169E-11
0.10837801E+03 0.30140393E-11
0.11332391E+03 0.29849348E-11
0.11849553E+03 0.29549965E-11
0.12390315E+03 0.29242111E-11
0.12955756E+03 0.28925616E-11
0.13547000E+03 0.28600287E-11
0.14165227E+03 0.28265983E-11
0.14811666E+03 0.27922846E-11
0.15487607E+03 0.27571144E-11
0.16194394E+03 0.27211139E-11
0.16933436E+03 0.26842541E-11
0.17706205E+03 0.26464695E-11
0.18514240E+03 0.26076797E-11
0.19359150E+03 0.25678608E-11
0.20242617E+03 0.25270487E-11
0.21166403E+03 0.24852918E-11
0.22132346E+03 0.24426361E-11
0.23142371E+03 0.23991208E-11
0.24198488E+03 0.23547834E-11
0.25302803E+03 0.23096154E-11
0.26457513E+03 0.22635789E-11
0.27664920E+03 0.22166574E-11
0.28927427E+03 0.21689222E-11
0.30247550E+03 0.21204697E-11
0.31627917E+03 0.20713549E-11
0.33071278E+03 0.20215859E-11
0.34580508E+03 0.19711889E-11
0.36158613E+03 0.19202272E-11
0.37808736E+03 0.18687745E-11
0.39534163E+03 0.18169208E-11
0.41338331E+03 0.17647435E-11
0.43224834E+03 0.17122219E-11
0.45197428E+03 0.16593309E-11
0.47260044E+03 0.16062554E-11
0.49416788E+03 0.15532187E-11
0.51671956E+03 0.15002088E-11
0.54030041E+03 0.14471886E-11
0.56495738E+03 0.13943035E-11
0.59073959E+03 0.13416708E-11
0.61769839E+03 0.12893073E-11
0.64588748E+03 0.12373844E-11
0.67536299E+03 0.11861357E-11
0.70618363E+03 0.11353601E-11
0.73841080E+03 0.10850765E-11
0.77210867E+03 0.10358325E-11
0.80734438E+03 0.98760509E-12
0.84418808E+03 0.94018493E-12
0.88271317E+03 0.89364190E-12
0.92299639E+03 0.84821442E-12
0.96511795E+03 0.80402285E-12
0.10091618E+04 0.76098358E-12
0.10552155E+04 0.71910149E-12
0.11033710E+04 0.67852799E-12
0.11537241E+04 0.63934250E-12
0.12063751E+04 0.60147811E-12
0.12614288E+04 0.56493216E-12
0.13189950E+04 0.52986015E-12
0.13791882E+04 0.49622396E-12
0.14421284E+04 0.46401447E-12
0.15079409E+04 0.43319211E-12
0.15767568E+04 0.40379512E-12
0.16487131E+04 0.37585920E-12
0.17239533E+04 0.34931631E-12
0.18026270E+04 0.32416344E-12
0.18848911E+04 0.30035547E-12
0.19709094E+04 0.27787829E-12
0.20608532E+04 0.25671051E-12
0.21549016E+04 0.23680171E-12
0.22532420E+04 0.21811594E-12
0.23560703E+04 0.20061209E-12
0.24635911E+04 0.18424599E-12
0.25760188E+04 0.16896543E-12
0.26935771E+04 0.15473532E-12
0.28165003E+04 0.14149186E-12
0.29450332E+04 0.12920907E-12
0.30794318E+04 0.11782321E-12
0.32199637E+04 0.10729571E-12
0.33669090E+04 0.97577383E-13
0.35205601E+04 0.88602767E-13
0.36812233E+04 0.80359273E-13
0.38492184E+04 0.72778631E-13
0.40248800E+04 0.65830147E-13
0.42085582E+04 0.59466928E-13
0.44006186E+04 0.53646856E-13
0.46014438E+04 0.48335419E-13
0.48114338E+04 0.43492792E-13
0.50310068E+04 0.39088364E-13
0.52606002E+04 0.35086494E-13
0.55006712E+04 0.31455203E-13
0.57516981E+04 0.28167291E-13
0.60141807E+04 0.25185223E-13
0.62886419E+04 0.22497303E-13
0.65756283E+04 0.20070958E-13
0.68757115E+04 0.17885937E-13
0.71894893E+04 0.15919510E-13
0.75175865E+04 0.14151516E-13
0.78606566E+04 0.12564284E-13
0.82193830E+04 0.11142582E-13
0.85944801E+04 0.98695984E-14
0.89866950E+04 0.87320309E-14
0.93968089E+04 0.77170117E-14
0.98256386E+04 0.68117649E-14
0.10274038E+05 0.60052806E-14
0.10742901E+05 0.52882514E-14
0.11233160E+05 0.46516106E-14
0.11745793E+05 0.40870852E-14
0.12281820E+05 0.35872476E-14
0.12842310E+05 0.31448722E-14
0.13428377E+05 0.27542275E-14
0.14041190E+05 0.24095399E-14
0.14681969E+05 0.21055783E-14
0.15351991E+05 0.18380687E-14
0.16052589E+05 0.16031448E-14
0.16785160E+05 0.13966251E-14
0.17551162E+05 0.12157128E-14
0.18352121E+05 0.10569909E-14
0.19189633E+05 0.91812202E-15
0.20065365E+05 0.79673590E-15
0.20981061E+05 0.69074384E-15
0.21938546E+05 0.59813253E-15
0.22939727E+05 0.51760764E-15
0.23986596E+05 0.44746488E-15
0.25081241E+05 0.38639790E-15
0.26225840E+05 0.33330521E-15
0.27422674E+05 0.28728170E-15
0.28674126E+05 0.24735259E-15
0.29982690E+05 0.21274108E-15
0.31350970E+05 0.18277845E-15
0.32781693E+05 0.15692920E-15
0.34277707E+05 0.13457204E-15
0.35841994E+05 0.11530604E-15
0.37477667E+05 0.98674697E-16
0.39187986E+05 0.84414850E-16
0.40976356E+05 0.72084379E-16
0.42846340E+05 0.61544754E-16
0.44801661E+05 0.52481795E-16
0.46846215E+05 0.44708258E-16
0.48984074E+05 0.38043257E-16
0.51219495E+05 0.32341911E-16
0.53556932E+05 0.27478089E-16
0.56001038E+05 0.23310785E-16
0.58556683E+05 0.19755867E-16
0.61228957E+05 0.16731314E-16
0.64023182E+05 0.14150987E-16
0.66944923E+05 0.11960711E-16
0.70000000E+05 0.10093821E-16
