0.10000000E+01 0.68757561E-11
0.10456357E+01 0.69507445E-11
0.10933540E+01 0.70335158E-11
0.11432499E+01 0.71247741E-11
0.11954229E+01 0.72252795E-11
0.12499768E+01 0.73358522E-11
0.13070204E+01 0.74573761E-11
0.13666671E+01 0.75908025E-11
0.14290359E+01 0.77371539E-11
0.14942509E+01 0.78975281E-11
0.15624421E+01 0.80731015E-11
0.16337452E+01 0.82651332E-11
0.17083022E+01 0.84749678E-11
0.17862617E+01 0.87040391E-11
0.18677790E+01 0.89538723E-11
0.19530164E+01 0.92260861E-11
0.20421436E+01 0.95223942E-11
0.21353382E+01 0.98446053E-11
0.22327858E+01 0.10194623E-10
0.23346805E+01 0.10574441E-10
0.24412252E+01 0.10986143E-10
0.25526322E+01 0.11431892E-10
0.26691232E+01 0.11913923E-10
0.27909305E+01 0.12434532E-10
0.29182965E+01 0.12996055E-10
0.30514749E+01 0.13600851E-10
0.31907310E+01 0.14251274E-10
0.33363422E+01 0.14949638E-10
0.34885984E+01 0.15698176E-10
0.36478030E+01 0.16498992E-10
0.38142729E+01 0.17353993E-10
0.39883398E+01 0.18264821E-10
0.41703504E+01 0.19232760E-10
0.43606672E+01 0.20258628E-10
0.45596692E+01 0.21342649E-10
0.47677528E+01 0.22484759E-10
0.49853324E+01 0.23711475E-10
0.52128414E+01 0.25100222E-10
0.54507329E+01 0.26752843E-10
0.56994808E+01 0.28796759E-10
0.59595804E+01 0.31389825E-10
0.62315499E+01 0.34725997E-10
0.65159309E+01 0.39041950E-10
0.68132898E+01 0.44624775E-10
0.71242189E+01 0.51820951E-10
0.74493374E+01 0.61046756E-10
0.77892930E+01 0.72800371E-10
0.81447626E+01 0.87675919E-10
0.85164544E+01 0.10637894E-09
0.89051085E+01 0.12951026E-09
0.93114992E+01 0.15716378E-09
0.97364357E+01 0.18927306E-09
0.10180765E+02 0.22565772E-09
0.10645371E+02 0.26599569E-09
0.11131179E+02 0.30979020E-09
0.11639158E+02 0.35633097E-09
0.12170319E+02 0.40464830E-09
0.12725720E+02 0.45345915E-09
0.13306467E+02 0.50110382E-09
0.13913716E+02 0.54547174E-09
0.14548678E+02 0.58411532E-09
0.15212617E+02 0.61585301E-09
0.15906855E+02 0.64034386E-09
0.16632775E+02 0.65734984E-09
0.17391823E+02 0.66676026E-09
0.18185510E+02 0.66862904E-09
0.19015418E+02 0.66321931E-09
0.19883200E+02 0.65105647E-09
0.20790583E+02 0.63299128E-09
0.21739375E+02 0.61019987E-09
0.22731466E+02 0.58351001E-09
0.23768832E+02 0.55357633E-09
0.24853539E+02 0.52131168E-09
0.25987747E+02 0.48794865E-09
0.27173715E+02 0.45510580E-09
0.28413806E+02 0.42486537E-09
0.29710489E+02 0.39946965E-09
0.31066348E+02 0.37935064E-09
0.32484081E+02 0.36405037E-09
0.33966514E+02 0.35283761E-09
0.35516599E+02 0.34464599E-09
0.37137423E+02 0.33800007E-09
0.38832214E+02 0.33100143E-09
0.40604349E+02 0.32268298E-09
0.42457356E+02 0.31326525E-09
0.44394926E+02 0.30311447E-09
0.46420918E+02 0.29272172E-09
0.48539368E+02 0.28272864E-09
0.50754495E+02 0.27392781E-09
0.53070711E+02 0.26667060E-09
0.55492628E+02 0.26072568E-09
0.58025072E+02 0.25572731E-09
0.60673085E+02 0.25117040E-09
0.63441942E+02 0.24650925E-09
0.66337158E+02 0.24166051E-09
0.69364499E+02 0.23670998E-09
0.72529995E+02 0.23176934E-09
0.75839950E+02 0.22697424E-09
0.79300958E+02 0.22237516E-09
0.82919910E+02 0.21792753E-09
0.86704016E+02 0.21356349E-09
0.90660813E+02 0.20918955E-09
0.94798180E+02 0.20471997E-09
0.99124359E+02 0.20016235E-09
0.10364797E+03 0.19554902E-09
0.10837801E+03 0.19091809E-09
0.11332391E+03 0.18628271E-09
0.11849553E+03 0.18163419E-09
0.12390315E+03 0.17695845E-09
0.12955756E+03 0.17224728E-09
0.13547000E+03 0.16750758E-09
0.14165227E+03 0.16274798E-09
0.14811666E+03 0.15797624E-09
0.15487607E+03 0.15319625E-09
0.16194394E+03 0.14840953E-09
0.16933436E+03 0.14361775E-09
0.17706205E+03 0.13882955E-09
0.18514240E+03 0.13405542E-09
0.19359150E+03 0.12930436E-09
0.20242617E+03 0.12458239E-09
0.21166403E+03 0.11989404E-09
0.22132346E+03 0.11524576E-09
0.23142371E+03 0.11064440E-09
0.24198488E+03 0.10609596E-09
0.25302803E+03 0.10160729E-09
0.26457513E+03 0.97184073E-10
0.27664920E+03 0.92832073E-10
0.28927427E+03 0.88555712E-10
0.30247550E+03 0.84359732E-10
0.31627917E+03 0.80248181E-10
0.33071278E+03 0.76224472E-10
0.34580508E+03 0.72292557E-10
0.36158613E+03 0.68455419E-10
0.37808736E+03 0.64715253E-10
0.39534163E+03 0.61075407E-10
0.41338331E+03 0.57540404E-10
0.43224834E+03 0.54113880E-10
0.45197428E+03 0.50798687E-10
0.47260044E+03 0.47597633E-10
0.49416788E+03 0.44512791E-10
0.51671956E+03 0.41546271E-10
0.54030041E+03 0.38699759E-10
0.56495738E+03 0.35975154E-10
0.59073959E+03 0.33374376E-10
0.61769839E+03 0.30897433E-10
0.64588748E+03 0.28542154E-10
0.67536299E+03 0.26311793E-10
0.70618363E+03 0.24206140E-10
0.73841080E+03 0.22217655E-10
0.77210867E+03 0.20348714E-10
0.80734438E+03 0.18597517E-10
0.84418808E+03 0.16958227E-10
0.88271317E+03 0.15428922E-10
0.92299639E+03 0.14006084E-10
0.96511795E+03 0.12686703E-10
0.10091618E+04 0.11465838E-10
0.10552155E+04 0.10338247E-10
0.11033710E+04 0.93007366E-11
0.11537241E+04 0.83482937E-11
0.12063751E+04 0.74761429E-11
0.12614288E+04 0.66796619E-11
0.13189950E+04 0.59543578E-11
0.13791882E+04 0.52956006E-11
0.14421284E+04 0.46988706E-11
0.15079409E+04 0.41597362E-11
0.15767568E+04 0.36738948E-11
0.16487131E+04 0.32374167E-11
0.17239533E+04 0.28462624E-11
0.18026270E+04 0.24964912E-11
0.18848911E+04 0.21848781E-11
0.19709094E+04 0.19067497E-11
0.20608532E+04 0.16625893E-11
0.21549016E+04 0.14443276E-11
0.22532420E+04 0.12527166E-11
0.23560703E+04 0.10840073E-11
0.24635911E+04 0.93597676E-12
0.25760188E+04 0.80641874E-12
0.26935771E+04 0.69346620E-12
0.28165003E+04 0.59494938E-12
0.29450332E+04 0.50936415E-12
0.30794318E+04 0.43520102E-12
0.32199637E+04 0.37109636E-12
0.33669090E+04 0.31580293E-12
0.35205601E+04 0.26830636E-12
0.36812233E+04 0.22742332E-12
0.38492184E+04 0.19239558E-12
0.40248800E+04 0.16244859E-12
0.42085582E+04 0.13689318E-12
0.44006186E+04 0.11523723E-12
0.46014438E+04 0.96739317E-13
0.48114338E+04 0.81056831E-13
0.50310068E+04 0.67787955E-13
0.52606002E+04 0.56581024E-13
0.55006712E+04 0.47144249E-13
0.57516981E+04 0.39230700E-13
0.60141807E+04 0.32582131E-13
0.62886419E+04 0.26987165E-13
0.65756283E+04 0.22313121E-13
0.68757115E+04 0.18416227E-13
0.71894893E+04 0.15174138E-13
0.75175865E+04 0.12495128E-13
0.78606566E+04 0.10264256E-13
0.82193830E+04 0.84080744E-14
0.85944801E+04 0.68783032E-14
0.89866950E+04 0.56162677E-14
0.93968089E+04 0.45882721E-14
0.98256386E+04 0.37407775E-14
0.10274038E+05 0.30379668E-14
0.10742901E+05 0.24657562E-14
0.11233160E+05 0.19978741E-14
0.11745793E+05 0.16164242E-14
0.12281820E+05 0.13057291E-14
0.12842310E+05 0.10574078E-14
0.13428377E+05 0.85307196E-15
0.14041190E+05 0.68631952E-15
0.14681969E+05 0.55169197E-15
0.15351991E+05 0.44295395E-15
0.16052589E+05 0.35519975E-15
0.16785160E+05 0.28600797E-15
0.17551162E+05 0.22882778E-15
0.18352121E+05 0.18282598E-15
0.19189633E+05 0.14590964E-15
0.20065365E+05 0.11631219E-15
0.20981061E+05 0.92594821E-16
0.21938546E+05 0.73553895E-16
0.22939727E+05 0.58905728E-16
0.23986596E+05 0.46718759E-16
0.25081241E+05 0.36970661E-16
0.26225840E+05 0.29310756E-16
0.27422674E+05 0.23155274E-16
0.28674126E+05 0.18268288E-16
0.29982690E+05 0.14488725E-16
0.31350970E+05 0.11456979E-16
0.32781693E+05 0.90315945E-17
0.34277707E+05 0.71069498E-17
0.35841994E+05 0.55737469E-17
0.37477667E+05 0.43860861E-17
0.39187986E+05 0.34363638E-17
0.40976356E+05 0.27215836E-17
0.42846340E+05 0.21228497E-17
0.44801661E+05 0.16727002E-17
0.46846215E+05 0.12983638E-17
0.48984074E+05 0.10161218E-17
0.51219495E+05 0.78828775E-18
0.53556932E+05 0.61573610E-18
0.56001038E+05 0.48414551E-18
0.58556683E+05 0.37489952E-18
0.61228957E+05 0.29182843E-18
0.64023182E+05 0.22570138E-18
0.66944923E+05 0.17487307E-18
0.70000000E+05 0.13578065E-18
