0.10000000E+01 0.21157779E-08
0.10456357E+01 0.21242818E-08
0.10933540E+01 0.21334470E-08
0.11432499E+01 0.21433347E-08
0.11954229E+01 0.21540126E-08
0.12499768E+01 0.21655556E-08
0.13070204E+01 0.21780468E-08
0.13666671E+01 0.21915783E-08
0.14290359E+01 0.22062521E-08
0.14942509E+01 0.22221819E-08
0.15624421E+01 0.22394942E-08
0.16337452E+01 0.22583312E-08
0.17083022E+01 0.22788513E-08
0.17862617E+01 0.23012317E-08
0.18677790E+01 0.23256704E-08
0.19530164E+01 0.23523885E-08
0.20421436E+01 0.23816339E-08
0.21353382E+01 0.24136839E-08
0.22327858E+01 0.24488495E-08
0.23346805E+01 0.24874793E-08
0.24412252E+01 0.25299649E-08
0.25526322E+01 0.25767458E-08
0.26691232E+01 0.26283229E-08
0.27909305E+01 0.26852887E-08
0.29182965E+01 0.27483234E-08
0.30514749E+01 0.28182001E-08
0.31907310E+01 0.28957985E-08
0.33363422E+01 0.29821194E-08
0.34885984E+01 0.30783022E-08
0.36478030E+01 0.31856444E-08
0.38142729E+01 0.33056241E-08
0.39883398E+01 0.34399270E-08
0.41703504E+01 0.35905747E-08
0.43606672E+01 0.37600455E-08
0.45596692E+01 0.39512183E-08
0.47677528E+01 0.41674217E-08
0.49853324E+01 0.44125022E-08
0.52128414E+01 0.46909039E-08
0.54507329E+01 0.50077591E-08
0.56994808E+01 0.53692281E-08
0.59595804E+01 0.57833712E-08
0.62315499E+01 0.62598640E-08
0.65159309E+01 0.68100605E-08
0.68132898E+01 0.74472702E-08
0.71242189E+01 0.81872036E-08
0.74493374E+01 0.90483847E-08
0.77892930E+01 0.10052479E-07
0.81447626E+01 0.11224798E-07
0.85164544E+01 0.12599482E-07
0.89051085E+01 0.14229445E-07
0.93114992E+01 0.16180472E-07
0.97364357E+01 0.18531584E-07
0.10180765E+02 0.21371222E-07
0.10645371E+02 0.24729467E-07
0.11131179E+02 0.28583509E-07
0.11639158E+02 0.32892413E-07
0.12170319E+02 0.37593761E-07
0.12725720E+02 0.42595872E-07
0.13306467E+02 0.47678222E-07
0.13913716E+02 0.52435604E-07
0.14548678E+02 0.56342609E-07
0.15212617E+02 0.58736491E-07
0.15906855E+02 0.58887872E-07
0.16632775E+02 0.56760651E-07
0.17391823E+02 0.52819104E-07
0.18185510E+02 0.47717174E-07
0.19015418E+02 0.42309479E-07
0.19883200E+02 0.37131266E-07
0.20790583E+02 0.32282390E-07
0.21739375E+02 0.27857429E-07
0.22731466E+02 0.23959223E-07
0.23768832E+02 0.20608353E-07
0.24853539E+02 0.17744299E-07
0.25987747E+02 0.15277225E-07
0.27173715E+02 0.13145597E-07
0.28413806E+02 0.11310087E-07
0.29710489E+02 0.97293202E-08
0.31066348E+02 0.83659191E-08
0.32484081E+02 0.71819522E-08
0.33966514E+02 0.61569326E-08
0.35516599E+02 0.52656931E-08
0.37137423E+02 0.44912931E-08
0.38832214E+02 0.38210515E-08
0.40604349E+02 0.32375354E-08
0.42457356E+02 0.27308691E-08
0.44394926E+02 0.22931506E-08
0.46420918E+02 0.19148041E-08
0.48539368E+02 0.15903132E-08
0.50754495E+02 0.13128679E-08
0.53070711E+02 0.10768503E-08
0.55492628E+02 0.87815603E-09
0.58025072E+02 0.71180807E-09
0.60673085E+02 0.57419632E-09
0.63441942E+02 0.46173348E-09
0.66337158E+02 0.37122242E-09
0.69364499E+02 0.29971413E-09
0.72529995E+02 0.24455251E-09
0.75839950E+02 0.20329568E-09
0.79300958E+02 0.17373903E-09
0.82919910E+02 0.15388394E-09
0.86704016E+02 0.14192672E-09
0.90660813E+02 0.13626363E-09
0.94798180E+02 0.13550780E-09
0.99124359E+02 0.13839059E-09
0.10364797E+03 0.14385827E-09
0.10837801E+03 0.15094774E-09
0.11332391E+03 0.15897716E-09
0.11849553E+03 0.16720263E-09
0.12390315E+03 0.17514823E-09
0.12955756E+03 0.18244637E-09
0.13547000E+03 0.18874556E-09
0.14165227E+03 0.19385488E-09
0.14811666E+03 0.19763971E-09
0.15487607E+03 0.20001918E-09
0.16194394E+03 0.20098776E-09
0.16933436E+03 0.20058107E-09
0.17706205E+03 0.19884799E-09
0.18514240E+03 0.19590212E-09
0.19359150E+03 0.19185526E-09
0.20242617E+03 0.18681886E-09
0.21166403E+03 0.18094381E-09
0.22132346E+03 0.17437494E-09
0.23142371E+03 0.16722612E-09
0.24198488E+03 0.15963329E-09
0.25302803E+03 0.15173101E-09
0.26457513E+03 0.14362356E-09
0.27664920E+03 0.13540504E-09
0.28927427E+03 0.12717907E-09
0.30247550E+03 0.11902405E-09
0.31627917E+03 0.11099954E-09
0.33071278E+03 0.10317778E-09
0.34580508E+03 0.95602098E-10
0.36158613E+03 0.88296735E-10
0.37808736E+03 0.81308901E-10
0.39534163E+03 0.74661158E-10
0.41338331E+03 0.68357949E-10
0.43224834E+03 0.62407602E-10
0.45197428E+03 0.56831931E-10
0.47260044E+03 0.51618177E-10
0.49416788E+03 0.46752621E-10
0.51671956E+03 0.42247692E-10
0.54030041E+03 0.38083317E-10
0.56495738E+03 0.34247222E-10
0.59073959E+03 0.30727255E-10
0.61769839E+03 0.27500632E-10
0.64588748E+03 0.24553945E-10
0.67536299E+03 0.21877942E-10
0.70618363E+03 0.19452306E-10
0.73841080E+03 0.17251412E-10
0.77210867E+03 0.15267208E-10
0.80734438E+03 0.13489968E-10
0.84418808E+03 0.11900641E-10
0.88271317E+03 0.10472189E-10
0.92299639E+03 0.91926006E-11
0.96511795E+03 0.80550784E-11
0.10091618E+04 0.70465027E-11
0.10552155E+04 0.61492412E-11
0.11033710E+04 0.53552789E-11
0.11537241E+04 0.46572341E-11
0.12063751E+04 0.40427317E-11
0.12614288E+04 0.35006288E-11
0.13189950E+04 0.30261190E-11
0.13791882E+04 0.26119450E-11
0.14421284E+04 0.22491731E-11
0.15079409E+04 0.19334381E-11
0.15767568E+04 0.16597363E-11
0.16487131E+04 0.14215533E-11
0.17239533E+04 0.12154302E-11
0.18026270E+04 0.10377526E-11
0.18848911E+04 0.88413610E-12
0.19709094E+04 0.75215750E-12
0.20608532E+04 0.63890737E-12
0.21549016E+04 0.54160371E-12
0.22532420E+04 0.45853855E-12
0.23560703E+04 0.38749056E-12
0.24635911E+04 0.32695639E-12
0.25760188E+04 0.27550404E-12
0.26935771E+04 0.23174668E-12
0.28165003E+04 0.19471182E-12
0.29450332E+04 0.16329206E-12
0.30794318E+04 0.13677566E-12
0.32199637E+04 0.11437710E-12
0.33669090E+04 0.95538549E-13
0.35205601E+04 0.79688622E-13
0.36812233E+04 0.66392741E-13
0.38492184E+04 0.55229000E-13
0.40248800E+04 0.45889515E-13
0.42085582E+04 0.38084664E-13
0.44006186E+04 0.31572952E-13
0.46014438E+04 0.26120841E-13
0.48114338E+04 0.21581349E-13
0.50310068E+04 0.17814099E-13
0.52606002E+04 0.14685558E-13
0.55006712E+04 0.12090624E-13
0.57516981E+04 0.99449115E-14
0.60141807E+04 0.81695221E-14
0.62886419E+04 0.66983235E-14
0.65756283E+04 0.54846592E-14
0.68757115E+04 0.44848474E-14
0.71894893E+04 0.36636819E-14
0.75175865E+04 0.29942907E-14
0.78606566E+04 0.24410043E-14
0.82193830E+04 0.19835035E-14
0.85944801E+04 0.16107793E-14
0.89866950E+04 0.13066824E-14
0.93968089E+04 0.10600241E-14
0.98256386E+04 0.85829105E-15
0.10274038E+05 0.69303894E-15
0.10742901E+05 0.55922257E-15
0.11233160E+05 0.45022903E-15
0.11745793E+05 0.36270593E-15
0.12281820E+05 0.29138621E-15
0.12842310E+05 0.23434368E-15
0.13428377E+05 0.18788234E-15
0.14041190E+05 0.15042734E-15
0.14681969E+05 0.12020140E-15
0.15351991E+05 0.95955649E-16
0.16052589E+05 0.76469905E-16
0.16785160E+05 0.61181334E-16
0.17551162E+05 0.48794867E-16
0.18352121E+05 0.38822358E-16
0.19189633E+05 0.30838742E-16
0.20065365E+05 0.24467806E-16
0.20981061E+05 0.19430938E-16
0.21938546E+05 0.15403085E-16
0.22939727E+05 0.12301979E-16
0.23986596E+05 0.97050342E-17
0.25081241E+05 0.76902039E-17
0.26225840E+05 0.60394593E-17
0.27422674E+05 0.47611387E-17
0.28674126E+05 0.37630160E-17
0.29982690E+05 0.29576138E-17
0.31350970E+05 0.23417748E-17
0.32781693E+05 0.18343967E-17
0.34277707E+05 0.14439177E-17
0.35841994E+05 0.11370501E-17
0.37477667E+05 0.88141296E-18
0.39187986E+05 0.69253002E-18
0.40976356E+05 0.54260519E-18
0.42846340E+05 0.43412958E-18
0.44801661E+05 0.33388864E-18
0.46846215E+05 0.25970375E-18
0.48984074E+05 0.20146709E-18
0.51219495E+05 0.15728651E-18
0.53556932E+05 0.12412326E-18
0.56001038E+05 0.96861777E-19
0.58556683E+05 0.74526066E-19
0.61228957E+05 0.57008471E-19
0.64023182E+05 0.45207550E-19
0.66944923E+05 0.34628615E-19
0.70000000E+05 0.26817651E-19
