0.10000000E+01 0.20974807E-09
0.10456357E+01 0.20962904E-09
0.10933540E+01 0.20950438E-09
0.11432499E+01 0.20937383E-09
0.11954229E+01 0.20923710E-09
0.12499768E+01 0.20909388E-09
0.13070204E+01 0.20894384E-09
0.13666671E+01 0.20878665E-09
0.14290359E+01 0.20862196E-09
0.14942509E+01 0.20844937E-09
0.15624421E+01 0.20826850E-09
0.16337452E+01 0.20807892E-09
0.17083022E+01 0.20788021E-09
0.17862617E+01 0.20767193E-09
0.18677790E+01 0.20745364E-09
0.19530164E+01 0.20722488E-09
0.20421436E+01 0.20698518E-09
0.21353382E+01 0.20673401E-09
0.22327858E+01 0.20647086E-09
0.23346805E+01 0.20619517E-09
0.24412252E+01 0.20590638E-09
0.25526322E+01 0.20560391E-09
0.26691232E+01 0.20528716E-09
0.27909305E+01 0.20495552E-09
0.29182965E+01 0.20460837E-09
0.30514749E+01 0.20424508E-09
0.31907310E+01 0.20386501E-09
0.33363422E+01 0.20346753E-09
0.34885984E+01 0.20305196E-09
0.36478030E+01 0.20261752E-09
0.38142729E+01 0.20216339E-09
0.39883398E+01 0.20168867E-09
0.41703504E+01 0.20119245E-09
0.43606672E+01 0.20067372E-09
0.45596692E+01 0.20013146E-09
0.47677528E+01 0.19956455E-09
0.49853324E+01 0.19897185E-09
0.52128414E+01 0.19835216E-09
0.54507329E+01 0.19770429E-09
0.56994808E+01 0.19702746E-09
0.59595804E+01 0.19632102E-09
0.62315499E+01 0.19558435E-09
0.65159309E+01 0.19481693E-09
0.68132898E+01 0.19401840E-09
0.71242189E+01 0.19318860E-09
0.74493374E+01 0.19232719E-09
0.77892930E+01 0.19143325E-09
0.81447626E+01 0.19050573E-09
0.85164544E+01 0.18954345E-09
0.89051085E+01 0.18854515E-09
0.93114992E+01 0.18750950E-09
0.97364357E+01 0.18643520E-09
0.10180765E+02 0.18532172E-09
0.10645371E+02 0.18416887E-09
0.11131179E+02 0.18297671E-09
0.11639158E+02 0.18174559E-09
0.12170319E+02 0.18047618E-09
0.12725720E+02 0.17916958E-09
0.13306467E+02 0.17782683E-09
0.13913716E+02 0.17644817E-09
0.14548678E+02 0.17503381E-09
0.15212617E+02 0.17358403E-09
0.15906855E+02 0.17209904E-09
0.16632775E+02 0.17057905E-09
0.17391823E+02 0.16902429E-09
0.18185510E+02 0.16743544E-09
0.19015418E+02 0.16581383E-09
0.19883200E+02 0.16416108E-09
0.20790583E+02 0.16247912E-09
0.21739375E+02 0.16077024E-09
0.22731466E+02 0.15903703E-09
0.23768832E+02 0.15728140E-09
0.24853539E+02 0.15550423E-09
0.25987747E+02 0.15370603E-09
0.27173715E+02 0.15188740E-09
0.28413806E+02 0.15005046E-09
0.29710489E+02 0.14819783E-09
0.31066348E+02 0.14633216E-09
0.32484081E+02 0.14445476E-09
0.33966514E+02 0.14256563E-09
0.35516599E+02 0.14066430E-09
0.37137423E+02 0.13875129E-09
0.38832214E+02 0.13682792E-09
0.40604349E+02 0.13489504E-09
0.42457356E+02 0.13295308E-09
0.44394926E+02 0.13100247E-09
0.46420918E+02 0.12904360E-09
0.48539368E+02 0.12707602E-09
0.50754495E+02 0.12509843E-09
0.53070711E+02 0.12310986E-09
0.55492628E+02 0.12110930E-09
0.58025072E+02 0.11909468E-09
0.60673085E+02 0.11706471E-09
0.63441942E+02 0.11501908E-09
0.66337158E+02 0.11295628E-09
0.69364499E+02 0.11087275E-09
0.72529995E+02 0.10876435E-09
0.75839950E+02 0.10663033E-09
0.79300958E+02 0.10447036E-09
0.82919910E+02 0.10228363E-09
0.86704016E+02 0.10006880E-09
0.90660813E+02 0.97823617E-10
0.94798180E+02 0.95546758E-10
0.99124359E+02 0.93238842E-10
0.10364797E+03 0.90900768E-10
0.10837801E+03 0.88534206E-10
0.11332391E+03 0.86139125E-10
0.11849553E+03 0.83715261E-10
0.12390315E+03 0.81266661E-10
0.12955756E+03 0.78797697E-10
0.13547000E+03 0.76309780E-10
0.14165227E+03 0.73805702E-10
0.14811666E+03 0.71290511E-10
0.15487607E+03 0.68769880E-10
0.16194394E+03 0.66246151E-10
0.16933436E+03 0.63718643E-10
0.17706205E+03 0.61196971E-10
0.18514240E+03 0.58692220E-10
0.19359150E+03 0.56203043E-10
0.20242617E+03 0.53734804E-10
0.21166403E+03 0.51294954E-10
0.22132346E+03 0.48887596E-10
0.23142371E+03 0.46517508E-10
0.24198488E+03 0.44190714E-10
0.25302803E+03 0.41913304E-10
0.26457513E+03 0.39686758E-10
0.27664920E+03 0.37513610E-10
0.28927427E+03 0.35399771E-10
0.30247550E+03 0.33350881E-10
0.31627917E+03 0.31368544E-10
0.33071278E+03 0.29455691E-10
0.34580508E+03 0.27616144E-10
0.36158613E+03 0.25842981E-10
0.37808736E+03 0.24142172E-10
0.39534163E+03 0.22522599E-10
0.41338331E+03 0.20971432E-10
0.43224834E+03 0.19494247E-10
0.45197428E+03 0.18095047E-10
0.47260044E+03 0.16767945E-10
0.49416788E+03 0.15509185E-10
0.51671956E+03 0.14325198E-10
0.54030041E+03 0.13211184E-10
0.56495738E+03 0.12160809E-10
0.59073959E+03 0.11178456E-10
0.61769839E+03 0.10259032E-10
0.64588748E+03 0.94003074E-11
0.67536299E+03 0.85999274E-11
0.70618363E+03 0.78553592E-11
0.73841080E+03 0.71648743E-11
0.77210867E+03 0.65247620E-11
0.80734438E+03 0.59329016E-11
0.84418808E+03 0.53866500E-11
0.88271317E+03 0.48833332E-11
0.92299639E+03 0.44206940E-11
0.96511795E+03 0.39957280E-11
0.10091618E+04 0.36064497E-11
0.10552155E+04 0.32504724E-11
0.11033710E+04 0.29253755E-11
0.11537241E+04 0.26290508E-11
0.12063751E+04 0.23593695E-11
0.12614288E+04 0.21144547E-11
0.13189950E+04 0.18922845E-11
0.13791882E+04 0.16912189E-11
0.14421284E+04 0.15093881E-11
0.15079409E+04 0.13452585E-11
0.15767568E+04 0.11974865E-11
0.16487131E+04 0.10643804E-11
0.17239533E+04 0.94495224E-12
0.18026270E+04 0.83801485E-12
0.18848911E+04 0.74207325E-12
0.19709094E+04 0.65634111E-12
0.20608532E+04 0.57981243E-12
0.21549016E+04 0.51149269E-12
0.22532420E+04 0.45075002E-12
0.23560703E+04 0.39670075E-12
0.24635911E+04 0.34872920E-12
0.25760188E+04 0.30620339E-12
0.26935771E+04 0.26850192E-12
0.28165003E+04 0.23519191E-12
0.29450332E+04 0.20575044E-12
0.30794318E+04 0.17981566E-12
0.32199637E+04 0.15695785E-12
0.33669090E+04 0.13685901E-12
0.35205601E+04 0.11917570E-12
0.36812233E+04 0.10365799E-12
0.38492184E+04 0.90058854E-13
0.40248800E+04 0.78169643E-13
0.42085582E+04 0.67770997E-13
0.44006186E+04 0.58692807E-13
0.46014438E+04 0.50766557E-13
0.48114338E+04 0.43865482E-13
0.50310068E+04 0.37864390E-13
0.52606002E+04 0.32651100E-13
0.55006712E+04 0.28124139E-13
0.57516981E+04 0.24192461E-13
0.60141807E+04 0.20792025E-13
0.62886419E+04 0.17856015E-13
0.65756283E+04 0.15313012E-13
0.68757115E+04 0.13117759E-13
0.71894893E+04 0.11226868E-13
0.75175865E+04 0.95941496E-14
0.78606566E+04 0.81921356E-14
0.82193830E+04 0.69890194E-14
0.85944801E+04 0.59540766E-14
0.89866950E+04 0.50683084E-14
0.93968089E+04 0.43082867E-14
0.98256386E+04 0.36571996E-14
0.10274038E+05 0.31012701E-14
0.10742901E+05 0.26264314E-14
0.11233160E+05 0.22217579E-14
0.11745793E+05 0.18785957E-14
0.12281820E+05 0.15851630E-14
0.12842310E+05 0.13360814E-14
0.13428377E+05 0.11254737E-14
0.14041190E+05 0.94672694E-15
0.14681969E+05 0.79528575E-15
0.15351991E+05 0.66725396E-15
0.16052589E+05 0.55917177E-15
0.16785160E+05 0.46864445E-15
0.17551162E+05 0.39198003E-15
0.18352121E+05 0.32770758E-15
0.19189633E+05 0.27336234E-15
0.20065365E+05 0.22796908E-15
0.20981061E+05 0.18984533E-15
0.21938546E+05 0.15800813E-15
0.22939727E+05 0.13148174E-15
0.23986596E+05 0.10919881E-15
0.25081241E+05 0.90600825E-16
0.26225840E+05 0.75060937E-16
0.27422674E+05 0.62173337E-16
0.28674126E+05 0.51457101E-16
0.29982690E+05 0.42573572E-16
0.31350970E+05 0.35148248E-16
0.32781693E+05 0.28978878E-16
0.34277707E+05 0.23899255E-16
0.35841994E+05 0.19664502E-16
0.37477667E+05 0.16194877E-16
0.39187986E+05 0.13287031E-16
0.40976356E+05 0.10902728E-16
0.42846340E+05 0.89781749E-17
0.44801661E+05 0.73461582E-17
0.46846215E+05 0.60240548E-17
0.48984074E+05 0.49036540E-17
0.51219495E+05 0.40193672E-17
0.53556932E+05 0.32744135E-17
0.56001038E+05 0.26872214E-17
0.58556683E+05 0.21792902E-17
0.61228957E+05 0.17746100E-17
0.64023182E+05 0.14425012E-17
0.66944923E+05 0.11734971E-17
0.70000000E+05 0.95114957E-18
