0.10000000E+01 0.42720228E-10
0.10456357E+01 0.42726904E-10
0.10933540E+01 0.42733565E-10
0.11432499E+01 0.42740185E-10
0.11954229E+01 0.42746735E-10
0.12499768E+01 0.42753181E-10
0.13070204E+01 0.42759487E-10
0.13666671E+01 0.42765610E-10
0.14290359E+01 0.42771508E-10
0.14942509E+01 0.42777129E-10
0.15624421E+01 0.42782420E-10
0.16337452E+01 0.42787321E-10
0.17083022E+01 0.42791769E-10
0.17862617E+01 0.42795692E-10
0.18677790E+01 0.42799015E-10
0.19530164E+01 0.42801657E-10
0.20421436E+01 0.42803530E-10
0.21353382E+01 0.42804543E-10
0.22327858E+01 0.42804599E-10
0.23346805E+01 0.42803593E-10
0.24412252E+01 0.42801418E-10
0.25526322E+01 0.42797959E-10
0.26691232E+01 0.42793100E-10
0.27909305E+01 0.42786717E-10
0.29182965E+01 0.42778687E-10
0.30514749E+01 0.42768885E-10
0.31907310E+01 0.42757185E-10
0.33363422E+01 0.42743465E-10
0.34885984E+01 0.42727608E-10
0.36478030E+01 0.42709507E-10
0.38142729E+01 0.42689065E-10
0.39883398E+01 0.42666199E-10
0.41703504E+01 0.42640769E-10
0.43606672E+01 0.42612594E-10
0.45596692E+01 0.42581486E-10
0.47677528E+01 0.42547257E-10
0.49853324E+01 0.42509719E-10
0.52128414E+01 0.42468688E-10
0.54507329E+01 0.42423987E-10
0.56994808E+01 0.42375450E-10
0.59595804E+01 0.42322905E-10
0.62315499E+01 0.42266132E-10
0.65159309E+01 0.42204907E-10
0.68132898E+01 0.42139011E-10
0.71242189E+01 0.42068235E-10
0.74493374E+01 0.41992388E-10
0.77892930E+01 0.41911303E-10
0.81447626E+01 0.41824827E-10
0.85164544E+01 0.41732760E-10
0.89051085E+01 0.41634906E-10
0.93114992E+01 0.41531094E-10
0.97364357E+01 0.41421191E-10
0.10180765E+02 0.41305107E-10
0.10645371E+02 0.41182810E-10
0.11131179E+02 0.41054193E-10
0.11639158E+02 0.40918997E-10
0.12170319E+02 0.40776960E-10
0.12725720E+02 0.40627823E-10
0.13306467E+02 0.40471339E-10
0.13913716E+02 0.40307274E-10
0.14548678E+02 0.40135415E-10
0.15212617E+02 0.39955571E-10
0.15906855E+02 0.39767532E-10
0.16632775E+02 0.39571097E-10
0.17391823E+02 0.39366097E-10
0.18185510E+02 0.39152406E-10
0.19015418E+02 0.38929944E-10
0.19883200E+02 0.38698700E-10
0.20790583E+02 0.38458649E-10
0.21739375E+02 0.38209548E-10
0.22731466E+02 0.37951100E-10
0.23768832E+02 0.37682991E-10
0.24853539E+02 0.37404898E-10
0.25987747E+02 0.37116526E-10
0.27173715E+02 0.36817628E-10
0.28413806E+02 0.36507972E-10
0.29710489E+02 0.36187336E-10
0.31066348E+02 0.35855518E-10
0.32484081E+02 0.35512336E-10
0.33966514E+02 0.35157631E-10
0.35516599E+02 0.34791227E-10
0.37137423E+02 0.34412907E-10
0.38832214E+02 0.34022457E-10
0.40604349E+02 0.33619664E-10
0.42457356E+02 0.33204365E-10
0.44394926E+02 0.32776505E-10
0.46420918E+02 0.32336078E-10
0.48539368E+02 0.31883128E-10
0.50754495E+02 0.31417720E-10
0.53070711E+02 0.30939838E-10
0.55492628E+02 0.30449455E-10
0.58025072E+02 0.29946565E-10
0.60673085E+02 0.29431291E-10
0.63441942E+02 0.28903859E-10
0.66337158E+02 0.28364424E-10
0.69364499E+02 0.27812926E-10
0.72529995E+02 0.27249355E-10
0.75839950E+02 0.26674211E-10
0.79300958E+02 0.26088256E-10
0.82919910E+02 0.25492235E-10
0.86704016E+02 0.24886695E-10
0.90660813E+02 0.24272189E-10
0.94798180E+02 0.23649298E-10
0.99124359E+02 0.23018622E-10
0.10364797E+03 0.22380796E-10
0.10837801E+03 0.21737068E-10
0.11332391E+03 0.21089278E-10
0.11849553E+03 0.20438006E-10
0.12390315E+03 0.19783203E-10
0.12955756E+03 0.19126376E-10
0.13547000E+03 0.18469434E-10
0.14165227E+03 0.17813441E-10
0.14811666E+03 0.17159173E-10
0.15487607E+03 0.16507923E-10
0.16194394E+03 0.15861424E-10
0.16933436E+03 0.15220270E-10
0.17706205E+03 0.14583818E-10
0.18514240E+03 0.13955255E-10
0.19359150E+03 0.13336205E-10
0.20242617E+03 0.12725537E-10
0.21166403E+03 0.12125214E-10
0.22132346E+03 0.11537394E-10
0.23142371E+03 0.10962035E-10
0.24198488E+03 0.10399298E-10
0.25302803E+03 0.98516416E-11
0.26457513E+03 0.93194333E-11
0.27664920E+03 0.88021637E-11
0.28927427E+03 0.83000636E-11
0.30247550E+03 0.78141297E-11
0.31627917E+03 0.73462540E-11
0.33071278E+03 0.68978045E-11
0.34580508E+03 0.64668393E-11
0.36158613E+03 0.60499053E-11
0.37808736E+03 0.56554364E-11
0.39534163E+03 0.52776275E-11
0.41338331E+03 0.49166199E-11
0.43224834E+03 0.45755259E-11
0.45197428E+03 0.42516462E-11
0.47260044E+03 0.39444684E-11
0.49416788E+03 0.36536121E-11
0.51671956E+03 0.33803875E-11
0.54030041E+03 0.31227911E-11
0.56495738E+03 0.28809311E-11
0.59073959E+03 0.26541626E-11
0.61769839E+03 0.24419846E-11
0.64588748E+03 0.22437917E-11
0.67536299E+03 0.20587404E-11
0.70618363E+03 0.18865248E-11
0.73841080E+03 0.17267265E-11
0.77210867E+03 0.15781405E-11
0.80734438E+03 0.14405284E-11
0.84418808E+03 0.13132714E-11
0.88271317E+03 0.11959362E-11
0.92299639E+03 0.10875816E-11
0.96511795E+03 0.98790299E-12
0.10091618E+04 0.89629669E-12
0.10552155E+04 0.81229864E-12
0.11033710E+04 0.73525414E-12
0.11537241E+04 0.66478474E-12
0.12063751E+04 0.60040377E-12
0.12614288E+04 0.54167028E-12
0.13189950E+04 0.48816180E-12
0.13791882E+04 0.43947198E-12
0.14421284E+04 0.39522835E-12
0.15079409E+04 0.35508088E-12
0.15767568E+04 0.31872187E-12
0.16487131E+04 0.28577234E-12
0.17239533E+04 0.25600697E-12
0.18026270E+04 0.22916874E-12
0.18848911E+04 0.20492862E-12
0.19709094E+04 0.18310992E-12
0.20608532E+04 0.16348112E-12
0.21549016E+04 0.14581427E-12
0.22532420E+04 0.12996826E-12
0.23560703E+04 0.11574317E-12
0.24635911E+04 0.10300174E-12
0.25760188E+04 0.91602472E-13
0.26935771E+04 0.81401699E-13
0.28165003E+04 0.72292066E-13
0.29450332E+04 0.64144892E-13
0.30794318E+04 0.56879429E-13
0.32199637E+04 0.50400317E-13
0.33669090E+04 0.44634503E-13
0.35205601E+04 0.39500046E-13
0.36812233E+04 0.34934627E-13
0.38492184E+04 0.30874833E-13
0.40248800E+04 0.27271773E-13
0.42085582E+04 0.24075345E-13
0.44006186E+04 0.21241764E-13
0.46014438E+04 0.18726235E-13
0.48114338E+04 0.16499217E-13
0.50310068E+04 0.14530466E-13
0.52606002E+04 0.12789422E-13
0.55006712E+04 0.11250069E-13
0.57516981E+04 0.98898846E-14
0.60141807E+04 0.86897292E-14
0.62886419E+04 0.76310089E-14
0.65756283E+04 0.66966190E-14
0.68757115E+04 0.58738502E-14
0.71894893E+04 0.51499623E-14
0.75175865E+04 0.45117924E-14
0.78606566E+04 0.39503286E-14
0.82193830E+04 0.34567346E-14
0.85944801E+04 0.30226720E-14
0.89866950E+04 0.26417097E-14
0.93968089E+04 0.23075269E-14
0.98256386E+04 0.20140209E-14
0.10274038E+05 0.17564493E-14
0.10742901E+05 0.15310955E-14
0.11233160E+05 0.13339720E-14
0.11745793E+05 0.11613170E-14
0.12281820E+05 0.10101034E-14
0.12842310E+05 0.87776747E-15
0.13428377E+05 0.76226701E-15
0.14041190E+05 0.66114290E-15
0.14681969E+05 0.57316911E-15
0.15351991E+05 0.49682686E-15
0.16052589E+05 0.42998309E-15
0.16785160E+05 0.37184629E-15
0.17551162E+05 0.32142785E-15
0.18352121E+05 0.27761810E-15
0.19189633E+05 0.23957202E-15
0.20065365E+05 0.20668991E-15
0.20981061E+05 0.17805229E-15
0.21938546E+05 0.15328668E-15
0.22939727E+05 0.13194491E-15
0.23986596E+05 0.11346673E-15
0.25081241E+05 0.97450334E-16
0.26225840E+05 0.83633218E-16
0.27422674E+05 0.71756671E-16
0.28674126E+05 0.61541674E-16
0.29982690E+05 0.52711396E-16
0.31350970E+05 0.45114219E-16
0.32781693E+05 0.38553629E-16
0.34277707E+05 0.32953586E-16
0.35841994E+05 0.28151500E-16
0.37477667E+05 0.24025390E-16
0.39187986E+05 0.20460862E-16
0.40976356E+05 0.17422203E-16
0.42846340E+05 0.14837421E-16
0.44801661E+05 0.12614361E-16
0.46846215E+05 0.10724874E-16
0.48984074E+05 0.90757919E-17
0.51219495E+05 0.77088714E-17
0.53556932E+05 0.65207120E-17
0.56001038E+05 0.55399111E-17
0.58556683E+05 0.46688250E-17
0.61228957E+05 0.39528274E-17
0.64023182E+05 0.33278089E-17
0.66944923E+05 0.28176427E-17
0.70000000E+05 0.23645210E-17
