100
0.0001
0.015
100
1391.96
208794
0.547526
0.547347
0.54816
0.547836
0.546995
0.547052
0.548223
0.547937
0.548295
0.547771
0.547703
0.548112
0.548446
0.547716
0.547858
0.548531
0.548203
0.548582
0.547868
0.54832
0.547527
0.548723
0.548198
0.548209
0.548723
0.548933
0.548904
0.548684
0.549042
0.548809
0.548161
0.548348
0.548202
0.548277
0.548315
0.549125
0.549099
0.548976
0.549346
0.549524
0.549174
0.5486
0.548852
0.548804
0.548646
0.548614
0.549548
0.549259
0.548763
0.54931
0.549994
0.548846
0.54967
0.549858
0.550159
0.549089
0.549394
0.549938
0.549093
0.549663
0.549121
0.550187
0.549162
0.549213
0.550063
0.549223
0.550596
0.55064
0.549875
0.549366
0.550564
0.55067
0.550335
0.550001
0.550021
0.550063
0.550245
0.550654
0.549656
0.55042
0.549677
0.550197
0.550126
0.550845
0.55067
0.550948
0.550935
0.550816
0.549812
0.550549
0.549885
0.549978
0.549978
0.549982
0.549806
0.549806
0.550856
0.550859
0.550859
0.550228
0.542833
0.542793
0.542323
0.542682
0.542392
0.542393
0.542965
0.542727
0.543082
0.542858
0.543065
0.54318
0.543005
0.543519
0.543493
0.543552
0.543568
0.543696
0.543863
0.543853
0.544
0.544079
0.544129
0.544406
0.544548
0.544634
0.544606
0.544859
0.544829
0.544972
0.545182
0.545188
0.545165
0.545295
0.545509
0.545926
0.545645
0.545693
0.545848
0.546353
0.54634
0.546628
0.546174
0.546907
0.546984
0.546692
0.5471
0.54673
0.546961
0.547136
0.547268
0.547178
0.547819
0.54747
0.547997
0.547389
0.547879
0.547525
0.548375
0.548042
0.547963
0.547633
0.548064
0.548207
0.548131
0.547925
0.5489
0.548551
0.548223
0.549205
0.549096
0.549272
0.548763
0.548733
0.549398
0.54874
0.549315
0.549317
0.549397
0.548914
0.549742
0.549099
0.549056
0.549142
0.549907
0.54916
0.54966
0.550115
0.549362
0.549233
0.550275
0.549404
0.549404
0.54947
0.549678
0.549678
0.550413
0.549409
0.549409
0.550012
0.537498
0.537302
0.537728
0.537905
0.537102
0.537449
0.536927
0.536983
0.538562
0.538218
0.537468
0.537454
0.538304
0.537871
0.538364
0.538411
0.538444
0.53835
0.540061
0.539773
0.540417
0.540492
0.540571
0.540636
0.540028
0.541022
0.540337
0.540982
0.541631
0.54124
0.541887
0.541815
0.542151
0.542188
0.542808
0.542284
0.543105
0.542641
0.542932
0.543554
0.543259
0.543347
0.543293
0.544382
0.543618
0.544608
0.544778
0.545085
0.545077
0.545117
0.544798
0.544983
0.545132
0.545713
0.545517
0.545744
0.545782
0.546222
0.546192
0.546253
0.546242
0.546278
0.546466
0.546777
0.54661
0.547332
0.546816
0.546837
0.547299
0.547027
0.547245
0.547772
0.547243
0.547349
0.547658
0.54763
0.547393
0.547763
0.548968
0.547663
0.548593
0.549007
0.549191
0.549068
0.548376
0.548506
0.549267
0.548348
0.549532
0.548726
0.548771
0.54929
0.54929
0.54937
0.549369
0.549369
0.549248
0.54984
0.54984
0.549143
0.531549
0.532403
0.531767
0.532306
0.531874
0.532783
0.532683
0.532565
0.532686
0.533247
0.533003
0.533543
0.533707
0.533854
0.534067
0.533924
0.534277
0.534454
0.53448
0.535353
0.535039
0.535155
0.535701
0.536115
0.536681
0.536261
0.536745
0.536933
0.537679
0.538333
0.538341
0.537922
0.538829
0.538726
0.539224
0.53926
0.539398
0.540066
0.54029
0.540627
0.540744
0.54085
0.541083
0.541415
0.541479
0.541776
0.542045
0.542156
0.54228
0.542398
0.542632
0.543134
0.543093
0.543588
0.543461
0.543901
0.543857
0.544002
0.54461
0.544838
0.544619
0.544593
0.544755
0.54519
0.545049
0.54509
0.545684
0.546124
0.5456
0.545765
0.545889
0.546545
0.546167
0.5468
0.547186
0.546562
0.547269
0.547462
0.547073
0.547026
0.547967
0.547766
0.54786
0.547592
0.547749
0.547575
0.548598
0.547849
0.548693
0.548779
0.548767
0.548797
0.548797
0.548475
0.548405
0.548405
0.548644
0.548859
0.548859
0.549029
0.525012
0.526874
0.526313
0.528035
0.527382
0.527838
0.525909
0.525691
0.528067
0.526127
0.527392
0.526668
0.526878
0.529508
0.527345
0.530328
0.528246
0.530379
0.531804
0.529606
0.530192
0.532091
0.532955
0.532901
0.532227
0.532204
0.534284
0.534498
0.534609
0.533695
0.534709
0.535622
0.535932
0.536458
0.53483
0.536963
0.536589
0.537715
0.537213
0.536705
0.537679
0.537891
0.537487
0.538234
0.539491
0.538741
0.538965
0.539905
0.54073
0.540845
0.541237
0.540965
0.54083
0.541803
0.540955
0.542341
0.542528
0.541972
0.542084
0.542359
0.542779
0.543117
0.543204
0.544045
0.544075
0.543871
0.543976
0.544124
0.545111
0.544344
0.545356
0.545598
0.545072
0.545817
0.545224
0.546057
0.546172
0.545731
0.546269
0.546005
0.545964
0.54595
0.546916
0.547536
0.546412
0.546513
0.547205
0.548064
0.548264
0.54812
0.547525
0.548498
0.548498
0.548529
0.548092
0.548092
0.547878
0.547843
0.547843
0.549143
0.521807
0.521608
0.520988
0.521755
0.520194
0.520913
0.520692
0.521047
0.520935
0.521677
0.522106
0.521839
0.522871
0.522255
0.524683
0.525362
0.523795
0.525869
0.524689
0.526816
0.526293
0.526476
0.526036
0.528454
0.529284
0.528309
0.527718
0.529386
0.528075
0.529549
0.528658
0.532354
0.532955
0.533147
0.53403
0.532244
0.534054
0.533901
0.534139
0.533475
0.535845
0.533646
0.534928
0.535225
0.537704
0.53623
0.537867
0.535976
0.538013
0.539371
0.537752
0.538166
0.538577
0.538648
0.540015
0.540941
0.541216
0.540372
0.541887
0.541804
0.541525
0.540321
0.540851
0.540984
0.543348
0.542963
0.543887
0.54346
0.543118
0.544395
0.54309
0.544501
0.544284
0.543411
0.543934
0.5456
0.544743
0.544359
0.546034
0.546341
0.546321
0.545557
0.54626
0.546274
0.546938
0.545959
0.547215
0.547159
0.547279
0.546353
0.547574
0.547597
0.547597
0.547112
0.547011
0.547011
0.547277
0.547584
0.547584
0.548212
0.514757
0.518049
0.518204
0.514363
0.514594
0.518
0.517054
0.513486
0.519083
0.513738
0.518629
0.520347
0.515271
0.518851
0.521391
0.521269
0.522458
0.519369
0.524013
0.523087
0.524498
0.524048
0.525492
0.523563
0.526822
0.52592
0.522158
0.527394
0.524715
0.525489
0.528636
0.527898
0.525137
0.525343
0.526052
0.528782
0.532142
0.531428
0.528019
0.5339
0.529968
0.532882
0.530343
0.531946
0.535801
0.536329
0.534928
0.535048
0.535385
0.537674
0.53433
0.53802
0.536324
0.53601
0.539082
0.538452
0.538756
0.53937
0.540471
0.540908
0.537891
0.538135
0.53865
0.538588
0.541288
0.543084
0.539965
0.539755
0.54371
0.542105
0.542589
0.543022
0.543717
0.544731
0.544287
0.544415
0.545291
0.54243
0.543594
0.543107
0.54615
0.546528
0.546456
0.546545
0.544419
0.546477
0.54675
0.546486
0.546044
0.546677
0.546621
0.546129
0.546129
0.547365
0.546816
0.546816
0.546726
0.548139
0.548139
0.548047
0.508099
0.511615
0.511704
0.511377
0.507422
0.512164
0.508008
0.512404
0.511501
0.510758
0.513619
0.511345
0.513655
0.514406
0.515434
0.515577
0.51604
0.513245
0.516875
0.515398
0.516689
0.516558
0.517057
0.519345
0.519978
0.520236
0.519915
0.520421
0.520722
0.523144
0.52375
0.524316
0.524752
0.523576
0.52598
0.525643
0.52523
0.526959
0.527039
0.52771
0.528754
0.529354
0.52973
0.530564
0.530748
0.531075
0.531546
0.532268
0.532803
0.532548
0.533901
0.534016
0.534743
0.534835
0.535375
0.536091
0.536637
0.536861
0.536777
0.53728
0.537898
0.537791
0.538605
0.538341
0.538455
0.539343
0.539324
0.540531
0.540487
0.54065
0.541001
0.541018
0.541319
0.541392
0.542642
0.543028
0.542643
0.543451
0.543038
0.543276
0.543483
0.544327
0.54366
0.544464
0.544371
0.54543
0.544913
0.544934
0.545255
0.545614
0.545068
0.546236
0.546236
0.546892
0.546866
0.546866
0.546243
0.546287
0.546287
0.546279
0.504589
0.502075
0.50138
0.501871
0.502152
0.505989
0.502307
0.504359
0.502929
0.507355
0.507432
0.505161
0.505945
0.509013
0.505916
0.510984
0.510727
0.508362
0.508677
0.511984
0.510277
0.513011
0.511708
0.512309
0.516466
0.514249
0.515594
0.514455
0.516183
0.516561
0.518444
0.518634
0.521298
0.52083
0.519788
0.524442
0.521494
0.524027
0.52488
0.524073
0.523516
0.528002
0.525911
0.528673
0.527854
0.529791
0.529306
0.528294
0.529936
0.529491
0.531372
0.533327
0.530232
0.532052
0.534
0.531971
0.5338
0.533757
0.536846
0.536799
0.53549
0.53666
0.537662
0.538073
0.538266
0.538335
0.53842
0.538226
0.538816
0.53913
0.53978
0.540474
0.541014
0.540368
0.540282
0.540412
0.54232
0.542492
0.542347
0.543354
0.543633
0.54243
0.543823
0.544001
0.543995
0.54404
0.544103
0.544066
0.544046
0.544059
0.545565
0.545855
0.545855
0.545689
0.545504
0.545504
0.545799
0.546985
0.546985
0.547008
0.497979
0.498614
0.499659
0.499535
0.497399
0.500413
0.496345
0.500331
0.50129
0.498344
0.499305
0.501632
0.500793
0.504136
0.500991
0.505172
0.506097
0.505688
0.506871
0.508023
0.507984
0.509117
0.509629
0.508302
0.510975
0.510648
0.512199
0.511999
0.512719
0.514762
0.51428
0.515479
0.516554
0.517488
0.517729
0.51925
0.519811
0.521107
0.520053
0.520955
0.523571
0.521908
0.524298
0.52428
0.525872
0.524773
0.526709
0.525896
0.52598
0.529596
0.529435
0.530721
0.531016
0.530894
0.532155
0.530923
0.533041
0.531935
0.532663
0.534236
0.53453
0.534683
0.534831
0.534884
0.536496
0.536331
0.536468
0.537757
0.538021
0.537773
0.538709
0.538499
0.538952
0.539903
0.540033
0.539886
0.540632
0.540539
0.540307
0.541178
0.542445
0.541207
0.542164
0.54201
0.541823
0.542988
0.544921
0.544557
0.54266
0.544316
0.545537
0.544601
0.544601
0.545036
0.54613
0.54613
0.544894
0.545294
0.545294
0.545671
0.492704
0.490716
0.492831
0.493119
0.490294
0.49139
0.494134
0.492419
0.492196
0.492326
0.493259
0.49684
0.497653
0.496369
0.495958
0.497769
0.498221
0.500232
0.502316
0.499952
0.502299
0.501513
0.501551
0.503296
0.507565
0.507257
0.508225
0.50737
0.50815
0.509694
0.509845
0.512516
0.511169
0.512605
0.513061
0.516818
0.516661
0.518251
0.517335
0.519786
0.521153
0.518848
0.519896
0.523596
0.524329
0.524082
0.521788
0.524032
0.523291
0.523748
0.527361
0.526765
0.526149
0.529175
0.530584
0.529981
0.530085
0.532078
0.532288
0.532268
0.531989
0.533608
0.533161
0.533525
0.534076
0.535679
0.535193
0.535254
0.535843
0.536283
0.537844
0.536066
0.539042
0.538624
0.539431
0.53942
0.539039
0.539363
0.540556
0.539879
0.541774
0.541775
0.540949
0.541544
0.542475
0.542634
0.543292
0.542811
0.543008
0.543445
0.544272
0.544064
0.544064
0.544567
0.544416
0.544416
0.545079
0.545215
0.545215
0.545678
0.481891
0.488264
0.488123
0.487426
0.487328
0.488887
0.484114
0.483905
0.485928
0.485428
0.491062
0.486656
0.493093
0.488623
0.491722
0.490989
0.492046
0.494196
0.492818
0.497934
0.499007
0.496857
0.498059
0.501427
0.501812
0.499766
0.500306
0.503683
0.506341
0.508079
0.506105
0.5066
0.506694
0.509712
0.507829
0.510501
0.509871
0.51329
0.511861
0.512821
0.514894
0.515516
0.519189
0.519393
0.521598
0.519941
0.519385
0.521022
0.523651
0.521386
0.525523
0.522627
0.526675
0.527665
0.528117
0.527366
0.529212
0.528329
0.5295
0.530858
0.531233
0.530749
0.530833
0.532144
0.532196
0.533033
0.532993
0.533548
0.536301
0.535276
0.535763
0.537823
0.536888
0.535842
0.536306
0.536125
0.537702
0.540442
0.537288
0.538724
0.541679
0.53908
0.540653
0.542809
0.541917
0.539869
0.543578
0.541728
0.540751
0.541613
0.543419
0.541659
0.541659
0.545674
0.545714
0.545714
0.542411
0.545532
0.545532
0.546944
0.480478
0.477701
0.481234
0.479274
0.482808
0.48342
0.482828
0.482015
0.483934
0.485634
0.479993
0.480338
0.485059
0.488847
0.485531
0.483917
0.485039
0.488113
0.488009
0.487071
0.493816
0.496528
0.496748
0.496857
0.49262
0.494578
0.497965
0.500283
0.504786
0.506477
0.507021
0.50831
0.50349
0.50357
0.5022
0.510495
0.507886
0.513104
0.506875
0.508117
0.510901
0.513634
0.513942
0.518886
0.519338
0.519333
0.51743
0.516855
0.522
0.519542
0.51933
0.521108
0.520606
0.522456
0.522662
0.522719
0.527547
0.527621
0.525337
0.52911
0.52733
0.530912
0.531696
0.531132
0.529646
0.532948
0.533805
0.533669
0.534024
0.533157
0.535449
0.533542
0.536653
0.534263
0.537843
0.5379
0.536475
0.536496
0.538464
0.537725
0.540178
0.540144
0.538623
0.538545
0.540101
0.542217
0.54235
0.540539
0.542496
0.542999
0.543376
0.542712
0.542712
0.543461
0.543039
0.543039
0.544627
0.544635
0.544635
0.54437
0.483001
0.46647
0.480813
0.471849
0.479202
0.481994
0.469031
0.473013
0.478348
0.484066
0.470485
0.485509
0.470696
0.488488
0.490391
0.482954
0.49059
0.478374
0.48792
0.492691
0.486397
0.492163
0.481719
0.483189
0.496478
0.489926
0.496662
0.488844
0.503246
0.503809
0.501857
0.497922
0.493885
0.497934
0.50099
0.501232
0.509637
0.510606
0.502195
0.512879
0.512868
0.514648
0.516383
0.516287
0.512007
0.517736
0.511296
0.518426
0.516816
0.522379
0.522977
0.517477
0.523817
0.520166
0.520419
0.518952
0.52153
0.527892
0.52878
0.524667
0.529297
0.530138
0.525083
0.529701
0.52594
0.532067
0.532708
0.532676
0.530951
0.534152
0.535657
0.535627
0.535229
0.536051
0.53352
0.536936
0.535452
0.536589
0.537056
0.535455
0.536471
0.536123
0.54124
0.541323
0.541248
0.541436
0.541216
0.541666
0.540024
0.542049
0.541683
0.541605
0.541605
0.542456
0.543352
0.543352
0.543874
0.5435
0.5435
0.543982
0.46608
0.469855
0.464875
0.4666
0.468641
0.470428
0.465264
0.467098
0.468745
0.469069
0.46806
0.469364
0.470475
0.474703
0.471691
0.479394
0.477057
0.476237
0.478794
0.477542
0.481628
0.480311
0.484578
0.482713
0.487243
0.486187
0.484093
0.486171
0.496284
0.494528
0.495895
0.498778
0.495123
0.502594
0.501583
0.503655
0.498098
0.49949
0.504792
0.501809
0.508212
0.504102
0.509268
0.512919
0.511962
0.512494
0.513026
0.511389
0.514574
0.514705
0.51783
0.518254
0.516517
0.519734
0.521259
0.520251
0.520438
0.52316
0.52349
0.525198
0.526053
0.526234
0.525792
0.526789
0.527065
0.529717
0.530593
0.528503
0.532204
0.532407
0.531121
0.530486
0.531678
0.531166
0.535236
0.534049
0.53558
0.536914
0.536095
0.535633
0.53829
0.539202
0.538643
0.539025
0.539242
0.539704
0.538897
0.54005
0.540665
0.540625
0.540511
0.540697
0.540697
0.542025
0.542664
0.542664
0.543254
0.543408
0.543408
0.543295
0.457466
0.457013
0.460985
0.457523
0.458369
0.464596
0.465161
0.461367
0.46111
0.465906
0.464814
0.462927
0.471326
0.472104
0.466223
0.470133
0.472295
0.475125
0.476463
0.473615
0.476111
0.479764
0.481069
0.482309
0.484269
0.483793
0.48497
0.485787
0.485925
0.488655
0.489632
0.491998
0.491839
0.493436
0.495287
0.498127
0.495994
0.501263
0.4983
0.499541
0.500946
0.506221
0.505129
0.506838
0.509287
0.506608
0.506969
0.513513
0.512015
0.511629
0.510204
0.514524
0.514089
0.518877
0.513753
0.518128
0.516542
0.520847
0.518299
0.524637
0.519487
0.521498
0.523853
0.528737
0.524649
0.527709
0.530228
0.530563
0.527179
0.531577
0.529555
0.529936
0.529725
0.534877
0.534126
0.534048
0.53319
0.536104
0.536522
0.534951
0.535372
0.534984
0.534713
0.539713
0.538302
0.539981
0.53874
0.538251
0.540976
0.541021
0.53965
0.540325
0.540325
0.542412
0.541741
0.541741
0.541621
0.543348
0.543348
0.542054
0.45012
0.460981
0.449764
0.455925
0.454495
0.458776
0.451426
0.452176
0.463644
0.463988
0.465857
0.466082
0.4656
0.459548
0.460946
0.459501
0.470632
0.471859
0.466703
0.470625
0.465796
0.477358
0.468571
0.482782
0.475418
0.474198
0.475187
0.487394
0.484148
0.482171
0.491396
0.482854
0.491265
0.48721
0.495383
0.49225
0.492844
0.492713
0.494097
0.503332
0.494354
0.495794
0.498076
0.506626
0.503847
0.502907
0.511198
0.513001
0.513751
0.508038
0.516095
0.517432
0.509126
0.516639
0.517921
0.520347
0.515025
0.51523
0.522982
0.519605
0.516892
0.52515
0.524527
0.520675
0.525596
0.526164
0.527701
0.524383
0.530395
0.527985
0.529602
0.527686
0.532957
0.530959
0.533164
0.53044
0.530874
0.534751
0.535694
0.532882
0.535859
0.536738
0.535215
0.538236
0.53684
0.538246
0.536953
0.538615
0.539424
0.53965
0.539165
0.540612
0.540612
0.540045
0.541668
0.541668
0.541052
0.541501
0.541501
0.54123
0.442747
0.450423
0.459043
0.437184
0.45207
0.444347
0.462594
0.451988
0.452028
0.464083
0.44955
0.448387
0.467923
0.461772
0.45579
0.467809
0.45027
0.465784
0.46624
0.453449
0.456765
0.474379
0.480549
0.471682
0.482186
0.484084
0.469953
0.481307
0.482181
0.474493
0.488703
0.490841
0.481858
0.494415
0.483493
0.481078
0.494742
0.498892
0.484506
0.48565
0.488345
0.497933
0.50798
0.508642
0.495871
0.509488
0.507791
0.500289
0.513032
0.503614
0.501296
0.511473
0.515517
0.517292
0.513408
0.515429
0.52081
0.513549
0.517447
0.520298
0.522103
0.522769
0.518474
0.523121
0.525703
0.525337
0.523117
0.525409
0.524385
0.525413
0.529612
0.530405
0.531176
0.527872
0.531917
0.530366
0.533051
0.530652
0.53379
0.533816
0.533786
0.534754
0.535403
0.535431
0.536691
0.536651
0.537211
0.537223
0.538286
0.53829
0.538919
0.539458
0.539458
0.540008
0.540428
0.540428
0.541116
0.541474
0.541474
0.541638
0.439135
0.445721
0.446526
0.439773
0.442518
0.440824
0.445886
0.442329
0.449215
0.44484
0.451202
0.448513
0.452903
0.450953
0.450285
0.453713
0.451885
0.458722
0.456286
0.463064
0.461562
0.464181
0.465505
0.464158
0.466738
0.467072
0.472755
0.471998
0.475782
0.473982
0.480103
0.475104
0.481542
0.482534
0.483005
0.484294
0.48421
0.489295
0.487858
0.487195
0.491862
0.493641
0.497923
0.501152
0.500332
0.495443
0.504538
0.500389
0.507562
0.507701
0.509003
0.508111
0.511778
0.506105
0.509088
0.513244
0.512564
0.517579
0.518707
0.518645
0.520119
0.514287
0.519333
0.524359
0.524115
0.519451
0.52206
0.521317
0.528349
0.528477
0.528985
0.527289
0.524967
0.525745
0.526518
0.526247
0.529981
0.534359
0.534615
0.529332
0.535742
0.535999
0.53144
0.537541
0.53745
0.535504
0.5368
0.538406
0.537686
0.538733
0.538702
0.538234
0.538234
0.539182
0.540461
0.540461
0.539669
0.541386
0.541386
0.542074
0.43327
0.442403
0.439126
0.437958
0.443848
0.443646
0.439594
0.44468
0.436218
0.441564
0.441697
0.440823
0.446382
0.450339
0.45104
0.45057
0.448652
0.452174
0.453541
0.458225
0.454265
0.45981
0.460558
0.459614
0.460179
0.463294
0.468935
0.467024
0.470951
0.472936
0.473053
0.476043
0.474247
0.479049
0.47883
0.479375
0.485521
0.481455
0.48848
0.484099
0.48637
0.490644
0.496571
0.494863
0.497204
0.499347
0.495835
0.4967
0.499021
0.505061
0.505037
0.503325
0.508019
0.506292
0.509205
0.507111
0.514449
0.511978
0.515183
0.514576
0.515855
0.514998
0.51612
0.51863
0.517849
0.519195
0.521703
0.521647
0.52319
0.524043
0.524016
0.525873
0.526167
0.526536
0.527188
0.526281
0.531898
0.532049
0.530327
0.533163
0.532612
0.532891
0.53212
0.534386
0.53236
0.536822
0.533709
0.533654
0.538297
0.535656
0.538439
0.540244
0.540244
0.539807
0.540177
0.540177
0.540682
0.540845
0.540845
0.540816
0.422946
0.439739
0.426116
0.43968
0.423956
0.425803
0.441609
0.440691
0.427622
0.427531
0.445153
0.447069
0.430493
0.44002
0.452465
0.437984
0.437697
0.437954
0.436439
0.44249
0.463591
0.452053
0.458764
0.457009
0.46144
0.46724
0.462589
0.456097
0.467189
0.476556
0.480672
0.479383
0.469008
0.48347
0.481965
0.483207
0.485184
0.482898
0.481625
0.492338
0.487622
0.488518
0.48352
0.490467
0.487506
0.487781
0.500098
0.502386
0.502908
0.494954
0.503049
0.503779
0.498247
0.507048
0.50856
0.512093
0.50477
0.506808
0.510905
0.510639
0.509139
0.51687
0.518303
0.513607
0.518982
0.519185
0.514983
0.523786
0.525552
0.524358
0.525312
0.521949
0.527286
0.528274
0.527837
0.529041
0.529677
0.52678
0.530605
0.529925
0.529109
0.532196
0.534031
0.53435
0.532012
0.531949
0.533407
0.537423
0.536491
0.537564
0.537626
0.537703
0.537703
0.537573
0.539127
0.539127
0.539147
0.539612
0.539612
0.541035
0.436875
0.426589
0.419529
0.422034
0.440015
0.42018
0.439671
0.438445
0.439581
0.422882
0.442129
0.438394
0.443817
0.426728
0.448469
0.430283
0.447725
0.432198
0.443686
0.435581
0.453703
0.450674
0.438629
0.456392
0.461266
0.454003
0.46643
0.469088
0.470465
0.470845
0.469876
0.469196
0.47526
0.465646
0.467008
0.466648
0.481877
0.478184
0.474302
0.479304
0.484796
0.48342
0.490513
0.491608
0.491698
0.486335
0.493759
0.499104
0.497204
0.499212
0.495153
0.495713
0.505695
0.497131
0.502952
0.504774
0.508166
0.499386
0.51317
0.504378
0.518275
0.505296
0.50632
0.519494
0.517515
0.520552
0.522974
0.520452
0.514045
0.526415
0.519383
0.521737
0.526754
0.529722
0.523288
0.529623
0.526937
0.529738
0.525527
0.526594
0.528168
0.535253
0.53108
0.528035
0.536677
0.534115
0.531936
0.537941
0.538711
0.536158
0.538524
0.535563
0.535563
0.540521
0.539799
0.539799
0.539959
0.540682
0.540682
0.541126
0.414818
0.415743
0.414704
0.425005
0.426375
0.41682
0.419515
0.430214
0.420201
0.431519
0.43268
0.423213
0.424849
0.430703
0.435364
0.434135
0.440342
0.432447
0.433883
0.444734
0.446315
0.437612
0.451089
0.451956
0.451563
0.446416
0.450044
0.458342
0.456742
0.458066
0.460488
0.464848
0.466187
0.464167
0.467809
0.471115
0.470354
0.472952
0.472303
0.475341
0.478354
0.477956
0.484321
0.4861
0.483533
0.490084
0.485956
0.492504
0.491369
0.496303
0.497091
0.497504
0.499518
0.498739
0.501914
0.503434
0.504251
0.506067
0.508003
0.50609
0.507247
0.510797
0.509678
0.510937
0.516475
0.515035
0.516966
0.514359
0.519534
0.521757
0.519931
0.517527
0.524126
0.518893
0.526657
0.52839
0.527789
0.522733
0.530639
0.530066
0.528966
0.527433
0.532467
0.530643
0.534226
0.532526
0.5329
0.535284
0.534362
0.533309
0.535954
0.534626
0.534626
0.536098
0.534975
0.534975
0.537202
0.541349
0.541349
0.536526
0.420771
0.409031
0.419833
0.410247
0.423103
0.421236
0.413297
0.414041
0.423091
0.424231
0.415838
0.417932
0.423634
0.431993
0.425587
0.430739
0.434534
0.43485
0.433619
0.436374
0.434774
0.436935
0.439771
0.442536
0.447396
0.445842
0.449459
0.451726
0.450299
0.455592
0.456812
0.459055
0.460189
0.461328
0.465793
0.463581
0.466563
0.470202
0.474548
0.473064
0.474158
0.477339
0.476554
0.482186
0.479698
0.482458
0.489462
0.488241
0.48582
0.487334
0.491116
0.496893
0.497474
0.499982
0.500369
0.50119
0.501592
0.502575
0.503022
0.505743
0.504685
0.505511
0.511064
0.513114
0.513442
0.513599
0.51382
0.516703
0.516453
0.516616
0.516716
0.517537
0.518519
0.524449
0.524291
0.523455
0.522487
0.522631
0.529158
0.527853
0.525485
0.53055
0.52756
0.526903
0.53501
0.53025
0.528773
0.535265
0.537186
0.536324
0.536188
0.536274
0.536274
0.535703
0.538866
0.538866
0.536064
0.540307
0.540307
0.537331
0.406878
0.402264
0.414188
0.402101
0.407557
0.422932
0.421307
0.424149
0.40772
0.421017
0.409534
0.429013
0.415168
0.414154
0.427876
0.424915
0.432715
0.421551
0.434124
0.437868
0.438107
0.441465
0.423593
0.431224
0.451212
0.455286
0.450992
0.455708
0.455903
0.443943
0.461212
0.445573
0.446404
0.453418
0.448906
0.451503
0.459249
0.455031
0.479301
0.470873
0.460734
0.484563
0.480982
0.467498
0.476172
0.479179
0.481408
0.482112
0.49903
0.493524
0.489759
0.484083
0.49333
0.503518
0.498005
0.491433
0.487849
0.489022
0.506052
0.514723
0.503624
0.516378
0.498598
0.518119
0.503806
0.506673
0.5219
0.522933
0.524015
0.507104
0.517612
0.526774
0.521277
0.526864
0.524791
0.528372
0.523326
0.525398
0.517945
0.531619
0.525468
0.53345
0.524215
0.521861
0.53759
0.536161
0.537136
0.526907
0.529124
0.539719
0.532828
0.539681
0.539681
0.538795
0.540158
0.540158
0.533025
0.53609
0.53609
0.542292
0.39902
0.410231
0.399361
0.408216
0.403001
0.409417
0.407197
0.415716
0.412181
0.41325
0.417181
0.418979
0.417869
0.413161
0.414252
0.417321
0.414906
0.416027
0.421826
0.42927
0.425752
0.432888
0.437848
0.430122
0.434586
0.441601
0.44345
0.446044
0.440314
0.44516
0.447343
0.454515
0.448218
0.458698
0.456427
0.457338
0.460405
0.459031
0.459403
0.463981
0.471432
0.468493
0.477381
0.47889
0.473033
0.481513
0.477819
0.481074
0.479624
0.488853
0.489546
0.490188
0.489525
0.493087
0.495559
0.494998
0.49875
0.499015
0.50205
0.500179
0.502868
0.503699
0.505917
0.507902
0.508442
0.511367
0.512011
0.511642
0.512881
0.513221
0.51721
0.516606
0.518341
0.51784
0.521097
0.521383
0.522563
0.522827
0.523096
0.525516
0.525936
0.525738
0.525788
0.529497
0.527235
0.531399
0.529122
0.529922
0.52937
0.530891
0.529885
0.537362
0.537362
0.536508
0.537565
0.537565
0.534355
0.537023
0.537023
0.53921
0.401347
0.408797
0.407718
0.405927
0.40519
0.41018
0.411554
0.403466
0.400456
0.407703
0.414688
0.401359
0.411367
0.418877
0.417351
0.42018
0.416748
0.414899
0.412369
0.430149
0.41446
0.434463
0.426708
0.431446
0.423144
0.426599
0.429288
0.438328
0.436703
0.449627
0.436568
0.445057
0.449268
0.446675
0.450123
0.459646
0.457833
0.464268
0.455349
0.469593
0.460653
0.471954
0.462707
0.477046
0.47803
0.482493
0.476119
0.471769
0.48151
0.479154
0.486094
0.479295
0.485525
0.481387
0.499102
0.482304
0.486791
0.504345
0.50285
0.498643
0.512056
0.512142
0.499567
0.513106
0.50518
0.50241
0.499494
0.499828
0.523211
0.504721
0.511015
0.513678
0.517975
0.523406
0.527347
0.511885
0.523892
0.531736
0.520378
0.525253
0.528873
0.51963
0.534609
0.525114
0.525321
0.53217
0.521538
0.537931
0.531483
0.538867
0.536429
0.535596
0.535596
0.539988
0.540285
0.540285
0.530858
0.541464
0.541464
0.540995
0.386615
0.394354
0.403287
0.39752
0.389713
0.39882
0.390677
0.396004
0.396499
0.391949
0.412189
0.413265
0.404618
0.398954
0.416754
0.420885
0.411211
0.403665
0.421097
0.421612
0.415685
0.411998
0.424924
0.425793
0.414326
0.437035
0.417575
0.419399
0.449189
0.438557
0.44945
0.430875
0.45255
0.435035
0.439202
0.460933
0.442072
0.459692
0.456776
0.463364
0.469921
0.45832
0.466625
0.472379
0.465104
0.465112
0.475574
0.487325
0.484325
0.485039
0.481084
0.488497
0.478581
0.497114
0.493193
0.487857
0.500366
0.493925
0.496352
0.493289
0.495616
0.506155
0.505356
0.507722
0.508246
0.511871
0.502667
0.514205
0.515909
0.51516
0.513611
0.511927
0.519091
0.518839
0.518678
0.517861
0.520402
0.520365
0.522376
0.522795
0.522947
0.526012
0.52367
0.52369
0.528399
0.524679
0.524447
0.525804
0.531504
0.527606
0.536813
0.534933
0.534933
0.532075
0.530073
0.530073
0.536578
0.534637
0.534637
0.541618
0.394407
0.389585
0.392422
0.392063
0.39113
0.391919
0.397127
0.392951
0.398273
0.400151
0.401127
0.398186
0.398574
0.39878
0.402269
0.405063
0.409737
0.412443
0.41288
0.414574
0.411171
0.417192
0.416811
0.420594
0.426518
0.425246
0.4272
0.431694
0.434289
0.43534
0.437395
0.439365
0.441762
0.444388
0.443693
0.445731
0.448032
0.449776
0.456077
0.451695
0.461424
0.456528
0.46851
0.461579
0.465303
0.46377
0.474097
0.478574
0.471878
0.479229
0.481862
0.482415
0.484379
0.487676
0.483013
0.488568
0.486545
0.490932
0.491844
0.488926
0.490916
0.495043
0.493097
0.508301
0.506997
0.508908
0.509441
0.508118
0.50597
0.513324
0.510467
0.509393
0.510227
0.519536
0.515789
0.512397
0.524128
0.522161
0.521281
0.525843
0.520222
0.519081
0.52025
0.530856
0.523381
0.530697
0.523874
0.528788
0.531129
0.528087
0.535503
0.5344
0.5344
0.534986
0.534495
0.534495
0.534684
0.537666
0.537666
0.534412
0.38626
0.380289
0.383022
0.381209
0.381384
0.387798
0.388751
0.382911
0.398197
0.386291
0.40138
0.387242
0.405828
0.393789
0.391078
0.403627
0.400721
0.405848
0.399719
0.415162
0.41269
0.407675
0.413095
0.408486
0.415388
0.425203
0.422065
0.429777
0.426204
0.423715
0.438566
0.427606
0.429606
0.444321
0.447995
0.436722
0.447424
0.446989
0.450641
0.45967
0.458418
0.462894
0.460744
0.458875
0.467847
0.46305
0.465455
0.473335
0.473881
0.476812
0.473119
0.481132
0.480181
0.484695
0.485134
0.487958
0.487805
0.486849
0.494572
0.492201
0.494303
0.495161
0.496518
0.501465
0.501499
0.501263
0.507891
0.502662
0.506279
0.505437
0.507411
0.515388
0.509287
0.509884
0.517984
0.51754
0.518842
0.520199
0.517746
0.519821
0.522765
0.523241
0.524091
0.524206
0.524407
0.525597
0.526069
0.528583
0.529789
0.529704
0.529655
0.531847
0.531847
0.531629
0.533903
0.533903
0.533354
0.53354
0.53354
0.536783
0.383424
0.382215
0.384624
0.385685
0.38669
0.384964
0.38847
0.389221
0.39024
0.38918
0.389402
0.391404
0.394735
0.393913
0.397433
0.398706
0.400427
0.400529
0.402305
0.403154
0.404081
0.406514
0.407482
0.416084
0.412344
0.418789
0.42173
0.422488
0.420939
0.427464
0.429679
0.433151
0.429937
0.431096
0.43491
0.433752
0.440845
0.447961
0.440224
0.447994
0.457381
0.448956
0.452421
0.463547
0.457945
0.460926
0.471381
0.471451
0.463139
0.46804
0.474009
0.478506
0.477607
0.476462
0.477729
0.477619
0.481288
0.491135
0.491172
0.484495
0.49079
0.491112
0.50017
0.502496
0.49378
0.496212
0.496914
0.507513
0.510166
0.505657
0.504169
0.506242
0.509056
0.517013
0.510118
0.516253
0.517798
0.518531
0.517898
0.515238
0.525859
0.525121
0.518432
0.521062
0.525051
0.528597
0.525404
0.521379
0.52891
0.526677
0.534639
0.535214
0.535214
0.528502
0.529289
0.529289
0.538125
0.53626
0.53626
0.537606
0.37956
0.378132
0.380154
0.377242
0.384363
0.385843
0.3785
0.38516
0.388285
0.389249
0.389572
0.390677
0.39123
0.393101
0.393635
0.396047
0.39653
0.396584
0.399103
0.398087
0.405417
0.406038
0.405312
0.408894
0.410223
0.413358
0.415364
0.414802
0.416493
0.418788
0.421271
0.429375
0.427444
0.43497
0.430813
0.436112
0.440548
0.44594
0.44191
0.446058
0.448653
0.446308
0.452164
0.458364
0.461642
0.456516
0.463568
0.462258
0.464844
0.47328
0.468868
0.476281
0.472439
0.481038
0.47911
0.483548
0.482144
0.484291
0.485746
0.488236
0.493623
0.491803
0.489756
0.496987
0.495994
0.49838
0.497568
0.497662
0.509127
0.499746
0.508027
0.506779
0.511605
0.516068
0.512468
0.517777
0.518834
0.51471
0.516526
0.520608
0.522424
0.519148
0.519887
0.520001
0.519399
0.527527
0.524083
0.52301
0.527284
0.531691
0.528719
0.5329
0.5329
0.531331
0.533256
0.533256
0.533718
0.533375
0.533375
0.535316
0.381692
0.366957
0.375076
0.38233
0.369666
0.372392
0.369556
0.390539
0.372093
0.376071
0.386336
0.384625
0.374976
0.385348
0.383652
0.398907
0.38121
0.393203
0.407088
0.38576
0.404793
0.388637
0.389831
0.391155
0.405993
0.41872
0.414589
0.407509
0.433313
0.408897
0.42051
0.409478
0.409881
0.445919
0.450138
0.414928
0.456857
0.41718
0.419553
0.424175
0.434535
0.427144
0.432011
0.432391
0.475993
0.4655
0.474318
0.462414
0.45767
0.458718
0.449857
0.455844
0.45016
0.459408
0.463806
0.483128
0.49807
0.499401
0.501925
0.484995
0.484266
0.469941
0.505924
0.511157
0.5098
0.501308
0.515947
0.499325
0.517061
0.518144
0.514099
0.520077
0.519229
0.518072
0.520113
0.515247
0.507173
0.513017
0.513244
0.508654
0.524542
0.528398
0.526872
0.51412
0.531653
0.516083
0.514458
0.52867
0.531685
0.529078
0.536031
0.531337
0.531337
0.537428
0.532356
0.532356
0.536844
0.537745
0.537745
0.532844
0.375423
0.359627
0.362487
0.360714
0.362071
0.363892
0.364171
0.360917
0.395597
0.360396
0.393223
0.363396
0.399709
0.365758
0.375181
0.384663
0.398021
0.375428
0.411459
0.388166
0.381496
0.399466
0.388333
0.386889
0.405915
0.392771
0.405284
0.428447
0.395286
0.417047
0.43015
0.431977
0.43123
0.437082
0.41646
0.431602
0.448675
0.439182
0.449803
0.433354
0.426871
0.460954
0.432038
0.4461
0.433434
0.439139
0.474796
0.459162
0.442889
0.473046
0.476591
0.470971
0.463603
0.484889
0.482929
0.462453
0.475194
0.495565
0.488237
0.498209
0.475665
0.496803
0.494251
0.5066
0.480537
0.509685
0.503919
0.500357
0.513925
0.499759
0.507618
0.515346
0.502448
0.51515
0.518208
0.510101
0.508619
0.504506
0.521634
0.507345
0.515299
0.523025
0.528668
0.525452
0.529092
0.527136
0.523815
0.525493
0.519889
0.530441
0.531829
0.53129
0.53129
0.531601
0.533493
0.533493
0.5325
0.533403
0.533403
0.533108
0.366761
0.367004
0.370818
0.370301
0.373574
0.369421
0.369289
0.369747
0.371956
0.378173
0.372534
0.373588
0.38055
0.380824
0.383116
0.386089
0.383355
0.380967
0.385475
0.388723
0.384672
0.392493
0.390405
0.403739
0.40698
0.399051
0.398794
0.399458
0.404998
0.408396
0.414792
0.410635
0.422617
0.418976
0.427647
0.431281
0.43288
0.433873
0.43499
0.436115
0.440456
0.436182
0.44171
0.450189
0.45145
0.448258
0.455407
0.455115
0.45964
0.462205
0.463896
0.46706
0.466189
0.470218
0.47271
0.470072
0.481275
0.47893
0.481196
0.483122
0.484195
0.48789
0.49276
0.491354
0.486675
0.48841
0.501748
0.498963
0.494823
0.506134
0.504313
0.500763
0.509341
0.510475
0.509299
0.512922
0.507866
0.512555
0.510649
0.51401
0.517369
0.516151
0.521339
0.517737
0.522801
0.523467
0.521487
0.52123
0.523511
0.525523
0.529276
0.527754
0.527754
0.530221
0.528082
0.528082
0.530999
0.529174
0.529174
0.536044
0.377658
0.375855
0.355204
0.360267
0.380286
0.359611
0.381388
0.376217
0.378378
0.384009
0.374259
0.378244
0.374721
0.365499
0.386878
0.39079
0.392373
0.394441
0.392406
0.38407
0.383657
0.385976
0.391943
0.405797
0.40429
0.409665
0.408523
0.403767
0.400638
0.400843
0.40637
0.4077
0.423988
0.410466
0.412949
0.426634
0.432984
0.420813
0.427914
0.441475
0.443011
0.446709
0.449838
0.447888
0.450023
0.454517
0.45841
0.454453
0.448275
0.450996
0.466017
0.465614
0.466376
0.474646
0.4753
0.478607
0.479137
0.480675
0.475518
0.484259
0.483694
0.488007
0.486058
0.490809
0.487964
0.496063
0.498389
0.498491
0.498993
0.502504
0.499538
0.502251
0.504654
0.503202
0.507134
0.511531
0.51203
0.508802
0.509164
0.517041
0.511897
0.518558
0.513904
0.514587
0.524673
0.516614
0.516714
0.516096
0.521432
0.531882
0.527824
0.532452
0.532452
0.529745
0.533949
0.533949
0.52992
0.535109
0.535109
0.535091
0.368647
0.355838
0.371562
0.359873
0.36987
0.359979
0.370104
0.358597
0.361887
0.362662
0.362407
0.373816
0.379761
0.38093
0.369821
0.376761
0.385373
0.386577
0.375298
0.381492
0.380665
0.37861
0.386175
0.394836
0.38653
0.390629
0.407902
0.397434
0.395143
0.41247
0.399977
0.405639
0.41067
0.422089
0.422582
0.421456
0.419295
0.431236
0.433728
0.434657
0.435805
0.429326
0.438229
0.444238
0.438386
0.441223
0.451153
0.453819
0.455267
0.45596
0.460692
0.456607
0.462696
0.467973
0.470194
0.467091
0.4723
0.476554
0.476921
0.477155
0.481134
0.480465
0.483321
0.487607
0.489207
0.489578
0.491612
0.495253
0.494652
0.496184
0.500602
0.501129
0.501678
0.505382
0.503801
0.506316
0.506083
0.509828
0.512011
0.51002
0.510566
0.519445
0.51894
0.519425
0.517915
0.519586
0.518839
0.517297
0.519207
0.518096
0.529279
0.523882
0.523882
0.53317
0.527078
0.527078
0.534691
0.5312
0.5312
0.533906
0.352036
0.370324
0.351352
0.373491
0.357266
0.353082
0.361013
0.365979
0.375698
0.369475
0.360971
0.363674
0.380084
0.377319
0.381992
0.37177
0.366688
0.384642
0.367835
0.390783
0.380324
0.395439
0.397326
0.398123
0.388802
0.402361
0.384317
0.40603
0.39057
0.406156
0.396389
0.407873
0.419114
0.422264
0.416639
0.425376
0.428093
0.417281
0.431809
0.424101
0.422468
0.439176
0.430401
0.444827
0.446423
0.445889
0.450223
0.450603
0.443463
0.461131
0.462006
0.460109
0.455061
0.462674
0.471396
0.473434
0.464165
0.480205
0.469175
0.480451
0.482321
0.477049
0.477398
0.479605
0.483096
0.493602
0.488489
0.496446
0.49134
0.500824
0.501147
0.495533
0.506346
0.502419
0.500496
0.499476
0.513372
0.514603
0.513694
0.515649
0.513227
0.512878
0.514551
0.520306
0.515208
0.521233
0.521287
0.518659
0.524785
0.523608
0.524144
0.526436
0.526436
0.527551
0.526541
0.526541
0.527394
0.530025
0.530025
0.529041
0.364499
0.35543
0.351756
0.364641
0.36388
0.365674
0.35962
0.356331
0.362661
0.369838
0.359926
0.368396
0.364669
0.361925
0.363246
0.378052
0.363181
0.381274
0.370907
0.374043
0.376368
0.382816
0.389241
0.39199
0.395532
0.38097
0.39702
0.392518
0.38776
0.391775
0.409607
0.396187
0.406163
0.416575
0.402192
0.406536
0.407396
0.407519
0.428611
0.414788
0.43458
0.436608
0.428158
0.429927
0.430049
0.446761
0.446269
0.437286
0.451403
0.447743
0.457733
0.460429
0.45502
0.454191
0.466742
0.472172
0.468481
0.464981
0.471376
0.472316
0.474788
0.484229
0.475035
0.482708
0.487144
0.488403
0.483482
0.488154
0.487304
0.500432
0.498024
0.502741
0.502401
0.503152
0.50074
0.50527
0.506416
0.506037
0.506827
0.512663
0.509576
0.516865
0.517368
0.517353
0.517058
0.51676
0.519855
0.518755
0.520668
0.519571
0.52633
0.525656
0.525656
0.52486
0.523955
0.523955
0.531813
0.530905
0.530905
0.529992
0.35639
0.350988
0.351044
0.358148
0.360476
0.356682
0.358989
0.362866
0.35417
0.364577
0.358045
0.366898
0.358484
0.370232
0.367686
0.365483
0.365768
0.375115
0.375412
0.370581
0.376352
0.373803
0.375937
0.387879
0.38898
0.38389
0.381805
0.387733
0.395746
0.390142
0.402802
0.402394
0.40192
0.403137
0.398506
0.41006
0.421098
0.420252
0.422498
0.414075
0.421629
0.425145
0.422837
0.435482
0.425144
0.439921
0.434109
0.446318
0.445569
0.452825
0.444296
0.450741
0.452086
0.448801
0.456634
0.465212
0.466427
0.474221
0.470924
0.480223
0.476144
0.476436
0.483374
0.476655
0.485049
0.488815
0.491564
0.492248
0.48616
0.489223
0.496881
0.499859
0.502386
0.499716
0.502771
0.50491
0.502871
0.503383
0.509941
0.512542
0.51044
0.510193
0.509226
0.518934
0.5201
0.519772
0.515459
0.518581
0.516541
0.524984
0.521805
0.526801
0.526801
0.526319
0.526054
0.526054
0.526073
0.530942
0.530942
0.530381
0.341154
0.33779
0.338129
0.34583
0.344138
0.345052
0.350174
0.341479
0.360789
0.357071
0.355416
0.375961
0.360358
0.356383
0.348726
0.372053
0.384319
0.357545
0.369952
0.362015
0.389919
0.370178
0.389138
0.365644
0.391087
0.371333
0.375461
0.371237
0.373458
0.406477
0.399557
0.38836
0.395759
0.418463
0.413112
0.401331
0.403843
0.429638
0.431553
0.427585
0.420601
0.434086
0.431517
0.431848
0.425524
0.425824
0.449125
0.450957
0.448495
0.444571
0.454353
0.442155
0.445408
0.453964
0.448008
0.453226
0.451771
0.473952
0.476478
0.459344
0.47672
0.48307
0.48184
0.484205
0.478614
0.488757
0.487744
0.482696
0.494352
0.494464
0.494838
0.496823
0.494109
0.500893
0.501214
0.500759
0.504533
0.504607
0.506899
0.507989
0.509115
0.50965
0.512352
0.512051
0.515469
0.517943
0.517807
0.515832
0.521995
0.5213
0.521962
0.520409
0.520409
0.522331
0.520461
0.520461
0.530988
0.527261
0.527261
0.534564
0.346783
0.349438
0.339794
0.344987
0.339539
0.359942
0.366163
0.366754
0.353207
0.346882
0.370131
0.366453
0.354231
0.349268
0.362312
0.347592
0.353744
0.37399
0.352561
0.352722
0.383916
0.372425
0.368522
0.390629
0.367577
0.378699
0.36664
0.368986
0.372822
0.400405
0.397861
0.395492
0.415353
0.410025
0.417433
0.390471
0.415004
0.403187
0.417809
0.424634
0.431671
0.417132
0.423933
0.443435
0.418901
0.438426
0.418996
0.430285
0.42589
0.444242
0.45985
0.458109
0.449431
0.441116
0.447383
0.455918
0.466275
0.461436
0.476128
0.468252
0.468023
0.470765
0.48759
0.485109
0.488018
0.474869
0.49203
0.477136
0.48066
0.482136
0.483458
0.499221
0.495253
0.488164
0.490553
0.502779
0.51344
0.492427
0.497484
0.517908
0.503168
0.498839
0.521456
0.52338
0.510613
0.523934
0.516993
0.515644
0.523432
0.527346
0.516681
0.516701
0.516701
0.531995
0.527161
0.527161
0.532875
0.528223
0.528223
0.53423
0.344816
0.342956
0.344461
0.344818
0.354252
0.346062
0.344403
0.347734
0.344611
0.352962
0.361368
0.361912
0.362232
0.354118
0.36097
0.365719
0.366509
0.366501
0.361992
0.359854
0.373778
0.375451
0.368281
0.366875
0.381897
0.383244
0.377227
0.376128
0.382357
0.380109
0.380997
0.394544
0.392013
0.393306
0.404136
0.400513
0.39811
0.409335
0.40339
0.410779
0.420588
0.410431
0.423923
0.417308
0.421764
0.426635
0.425855
0.4401
0.439131
0.441678
0.442755
0.445763
0.445952
0.452395
0.454533
0.452898
0.460204
0.459214
0.46372
0.465889
0.46694
0.470154
0.472205
0.475761
0.476105
0.47615
0.484228
0.48485
0.49062
0.484541
0.487959
0.489032
0.494108
0.495162
0.492917
0.495341
0.496263
0.506395
0.498537
0.509828
0.506834
0.511461
0.512436
0.515308
0.515123
0.513098
0.517943
0.517299
0.516228
0.516352
0.522297
0.518501
0.518501
0.518867
0.529435
0.529435
0.529053
0.526369
0.526369
0.528641
0.343858
0.346118
0.348994
0.348252
0.344385
0.350397
0.346147
0.345866
0.346597
0.349383
0.352986
0.353019
0.353714
0.356549
0.354789
0.352804
0.355817
0.356953
0.362698
0.357556
0.368582
0.367939
0.374757
0.372728
0.366597
0.373026
0.381558
0.373661
0.383476
0.378335
0.392289
0.386466
0.386733
0.383857
0.401779
0.402473
0.398729
0.392512
0.418711
0.401593
0.415206
0.401717
0.412376
0.429638
0.431815
0.41603
0.42012
0.441333
0.427568
0.429328
0.429391
0.445435
0.434762
0.445716
0.445716
0.452391
0.462779
0.464419
0.4673
0.470468
0.465518
0.462404
0.465289
0.48185
0.478491
0.472042
0.477172
0.489301
0.476751
0.493256
0.480855
0.482977
0.485325
0.497424
0.501973
0.494741
0.496551
0.49466
0.509066
0.509641
0.506459
0.503653
0.509186
0.509469
0.516639
0.508143
0.512498
0.510228
0.524552
0.521515
0.52285
0.522239
0.522239
0.527419
0.526049
0.526049
0.525044
0.525865
0.525865
0.528374
0.349691
0.352673
0.335757
0.339738
0.354263
0.341514
0.354019
0.341734
0.342149
0.348322
0.351789
0.345621
0.34235
0.34338
0.360798
0.362299
0.354234
0.35155
0.366433
0.355121
0.365658
0.360009
0.366421
0.370118
0.376024
0.368344
0.378771
0.377059
0.379233
0.380634
0.38671
0.383766
0.390147
0.392294
0.392816
0.398273
0.402088
0.403087
0.400287
0.410446
0.405232
0.408775
0.411889
0.4172
0.417587
0.425622
0.426226
0.432381
0.426326
0.435161
0.443041
0.432425
0.434057
0.438282
0.456593
0.446706
0.451443
0.463468
0.466213
0.475151
0.477238
0.476033
0.48192
0.483967
0.474309
0.468007
0.476692
0.471513
0.472551
0.501737
0.483446
0.50491
0.499192
0.480621
0.509592
0.479785
0.514198
0.515069
0.507519
0.515164
0.51833
0.51764
0.513765
0.499072
0.522656
0.505268
0.51287
0.519575
0.524851
0.523073
0.509789
0.514373
0.514373
0.530492
0.533179
0.533179
0.526008
0.534331
0.534331
0.531913
0.333558
0.35637
0.330995
0.33531
0.355328
0.350492
0.33949
0.336192
0.34353
0.341224
0.345689
0.362307
0.359677
0.354982
0.367198
0.368119
0.35235
0.341985
0.359314
0.35058
0.347267
0.368479
0.371275
0.374303
0.3765
0.372744
0.381753
0.37201
0.389324
0.388085
0.370041
0.379521
0.373239
0.399771
0.384558
0.403571
0.406137
0.403553
0.412068
0.393971
0.401391
0.406675
0.401071
0.406007
0.413255
0.409875
0.431471
0.431653
0.422258
0.43539
0.434173
0.443262
0.444223
0.446406
0.445058
0.446432
0.455763
0.455973
0.454228
0.459137
0.464193
0.465442
0.466038
0.46738
0.47271
0.471448
0.476977
0.479393
0.477811
0.478957
0.480933
0.489566
0.490326
0.495693
0.490364
0.496529
0.501118
0.501449
0.499987
0.49998
0.506899
0.508165
0.508067
0.508408
0.511023
0.512186
0.512626
0.513859
0.514059
0.51655
0.518136
0.516995
0.516995
0.518789
0.524175
0.524175
0.525145
0.522671
0.522671
0.521807
0.331286
0.341439
0.337391
0.33182
0.350542
0.352815
0.330425
0.351945
0.356923
0.356924
0.352217
0.334609
0.346534
0.357572
0.345283
0.353925
0.360445
0.3424
0.352056
0.360224
0.362644
0.370203
0.364212
0.354495
0.350717
0.382393
0.36396
0.379018
0.389234
0.376508
0.384333
0.373617
0.397253
0.371961
0.375851
0.392899
0.407594
0.392348
0.40844
0.417754
0.412127
0.421427
0.409575
0.407479
0.414511
0.418207
0.4192
0.410287
0.44311
0.416197
0.440156
0.450663
0.437707
0.426638
0.431065
0.433162
0.468673
0.433423
0.468448
0.443254
0.449095
0.476129
0.44896
0.469289
0.462338
0.476129
0.468421
0.493781
0.494563
0.494736
0.489771
0.489022
0.476655
0.491467
0.489563
0.498099
0.502168
0.508306
0.500529
0.503049
0.498787
0.503145
0.51368
0.519054
0.518159
0.51431
0.50464
0.520056
0.51062
0.519857
0.51015
0.527054
0.527054
0.524926
0.526045
0.526045
0.524974
0.527772
0.527772
0.522633
0.342958
0.335263
0.343252
0.336101
0.343743
0.341173
0.336601
0.344261
0.34536
0.343808
0.340071
0.342914
0.349177
0.344699
0.348839
0.345348
0.352392
0.353784
0.355487
0.35304
0.35779
0.358242
0.354856
0.355684
0.366473
0.358835
0.364627
0.374138
0.371672
0.37779
0.377204
0.379016
0.380377
0.388235
0.389011
0.384542
0.391779
0.399002
0.401719
0.40484
0.406778
0.401967
0.408359
0.416169
0.405559
0.411174
0.415914
0.413965
0.419498
0.43389
0.431126
0.43546
0.43915
0.433496
0.433374
0.45258
0.438874
0.454685
0.449138
0.451045
0.456702
0.45343
0.468763
0.457744
0.475518
0.472659
0.47937
0.475128
0.470126
0.482375
0.490599
0.485891
0.479359
0.479323
0.497157
0.483241
0.493
0.504324
0.489132
0.503363
0.510488
0.495263
0.505657
0.513351
0.506049
0.505364
0.514748
0.520117
0.506975
0.520885
0.520618
0.520144
0.520144
0.521568
0.521614
0.521614
0.524857
0.526387
0.526387
0.525161
0.33506
0.338801
0.335511
0.339395
0.336582
0.336198
0.339026
0.339039
0.341856
0.34155
0.339786
0.34262
0.343705
0.341834
0.343026
0.345431
0.349309
0.346274
0.347952
0.351396
0.350561
0.358087
0.357885
0.354732
0.363544
0.357746
0.357771
0.371555
0.374164
0.366235
0.36657
0.367194
0.385431
0.383982
0.388495
0.377652
0.396711
0.382241
0.383624
0.385828
0.392085
0.41308
0.395724
0.417239
0.399806
0.420262
0.409623
0.428459
0.432093
0.428772
0.421258
0.435419
0.429038
0.443835
0.445056
0.438409
0.440802
0.450885
0.454803
0.449043
0.457633
0.462868
0.456653
0.46197
0.469188
0.464956
0.470898
0.47495
0.473753
0.477116
0.482885
0.483149
0.483279
0.483949
0.488267
0.494497
0.490778
0.491599
0.493195
0.496845
0.500991
0.50645
0.498726
0.511339
0.502568
0.502897
0.50383
0.502642
0.517048
0.521812
0.518965
0.52125
0.52125
0.51958
0.526003
0.526003
0.524499
0.522646
0.522646
0.522349
0.328576
0.342175
0.338333
0.334747
0.344006
0.343414
0.332466
0.339106
0.330878
0.339431
0.347387
0.33241
0.350259
0.337285
0.337917
0.339621
0.348141
0.342917
0.352314
0.340601
0.354024
0.348878
0.349641
0.367057
0.350769
0.366191
0.365543
0.370204
0.373471
0.363591
0.363978
0.369222
0.372813
0.380606
0.375276
0.390704
0.3853
0.386811
0.380777
0.385323
0.401286
0.396157
0.413874
0.394091
0.406013
0.403664
0.402569
0.425016
0.427115
0.428843
0.43494
0.415897
0.442663
0.436675
0.446598
0.441324
0.4354
0.436309
0.439362
0.445206
0.464403
0.464993
0.455305
0.456593
0.453568
0.476055
0.478973
0.470006
0.465072
0.485502
0.469952
0.474416
0.483964
0.496218
0.488359
0.480906
0.492328
0.48719
0.486744
0.494626
0.503999
0.504597
0.503031
0.512833
0.500877
0.51073
0.515644
0.515259
0.516213
0.514509
0.514512
0.512488
0.512488
0.514754
0.523841
0.523841
0.525973
0.521003
0.521003
0.52791
0.338943
0.330707
0.32972
0.339401
0.332054
0.332036
0.330478
0.341179
0.331643
0.335647
0.34336
0.333476
0.344294
0.334582
0.336702
0.348508
0.338745
0.350898
0.345115
0.352951
0.346156
0.355749
0.349316
0.355716
0.35607
0.363021
0.361599
0.364732
0.365716
0.369497
0.368539
0.374685
0.373394
0.374662
0.381328
0.380386
0.381058
0.386884
0.38522
0.389054
0.396732
0.39205
0.396235
0.407472
0.406993
0.403707
0.403918
0.419531
0.418269
0.414171
0.415379
0.432562
0.42376
0.423209
0.436886
0.43767
0.439448
0.44719
0.448957
0.454225
0.445436
0.451635
0.449854
0.463127
0.461596
0.452781
0.459145
0.459686
0.46843
0.484592
0.473037
0.490015
0.483902
0.481588
0.474336
0.476937
0.482285
0.500218
0.505756
0.492824
0.489539
0.502851
0.496744
0.500185
0.517174
0.495559
0.517233
0.522444
0.521452
0.522297
0.512593
0.522812
0.522812
0.519317
0.526427
0.526427
0.517036
0.518088
0.518088
0.530379
0.335812
0.329787
0.329973
0.336139
0.333147
0.334179
0.331259
0.333809
0.33385
0.339387
0.333278
0.340733
0.334935
0.342651
0.343257
0.337572
0.345113
0.342598
0.349321
0.347791
0.3503
0.351088
0.350195
0.352107
0.353089
0.358878
0.354687
0.360061
0.356739
0.365139
0.367865
0.365374
0.36543
0.366321
0.379374
0.376414
0.375067
0.382341
0.381921
0.394656
0.385161
0.396293
0.398971
0.403322
0.405656
0.399243
0.405541
0.403689
0.411309
0.423814
0.425974
0.422894
0.419611
0.422042
0.438521
0.44018
0.438676
0.436221
0.44065
0.448347
0.447716
0.456085
0.458797
0.45827
0.457665
0.460488
0.463968
0.464092
0.468662
0.469277
0.474622
0.476511
0.485675
0.483634
0.477142
0.492574
0.496187
0.482054
0.492417
0.497102
0.494335
0.508294
0.4959
0.50363
0.500881
0.513194
0.507516
0.516064
0.509968
0.507414
0.511862
0.521202
0.521202
0.51867
0.520068
0.520068
0.522704
0.526316
0.526316
0.524302
0.329229
0.338401
0.333496
0.325787
0.333455
0.330525
0.336778
0.338702
0.330381
0.331489
0.3397
0.335333
0.330766
0.343709
0.347101
0.331844
0.344792
0.345142
0.348166
0.353037
0.338742
0.349738
0.349166
0.349549
0.360644
0.362164
0.361015
0.364342
0.356057
0.36444
0.364533
0.36775
0.362861
0.371571
0.375701
0.377533
0.38289
0.388326
0.375609
0.392794
0.381833
0.391452
0.389629
0.404133
0.399458
0.410278
0.403748
0.410204
0.406649
0.419052
0.420893
0.425081
0.426374
0.43001
0.425854
0.434897
0.440624
0.435628
0.440495
0.448552
0.451119
0.44863
0.450249
0.459856
0.457078
0.456902
0.470066
0.472368
0.4729
0.476239
0.477969
0.475315
0.479126
0.485915
0.485496
0.48471
0.485505
0.490494
0.489961
0.492889
0.499874
0.496026
0.499487
0.498976
0.502137
0.505857
0.510253
0.50352
0.514132
0.514265
0.512488
0.516243
0.516243
0.514855
0.518442
0.518442
0.515952
0.525465
0.525465
0.525493
0.331425
0.327793
0.327791
0.332002
0.332658
0.33289
0.333444
0.331342
0.332832
0.331216
0.335026
0.33413
0.333126
0.338326
0.338774
0.335694
0.337769
0.34335
0.338747
0.340122
0.348465
0.344205
0.346938
0.351332
0.346967
0.349286
0.356978
0.356258
0.361038
0.364769
0.363631
0.366808
0.365938
0.372749
0.366606
0.367316
0.370056
0.371637
0.388633
0.37645
0.390858
0.39495
0.393414
0.398374
0.395291
0.400247
0.403177
0.404879
0.414436
0.407961
0.421118
0.422157
0.424807
0.427314
0.427046
0.433489
0.430699
0.440918
0.437461
0.443145
0.447054
0.448202
0.449497
0.453636
0.45181
0.462954
0.459088
0.458705
0.473204
0.470638
0.479236
0.473451
0.472997
0.478061
0.479422
0.490512
0.48304
0.491946
0.490417
0.486847
0.491436
0.50508
0.502796
0.498042
0.497385
0.504713
0.504477
0.503207
0.503935
0.501259
0.518573
0.51918
0.51918
0.506313
0.52616
0.52616
0.527033
0.51508
0.51508
0.527838
0.319717
0.321098
0.328868
0.343864
0.337941
0.345385
0.343942
0.327867
0.334071
0.324738
0.337641
0.344681
0.324087
0.341354
0.323185
0.350485
0.339534
0.325871
0.354548
0.354176
0.330239
0.344258
0.358373
0.333559
0.34156
0.338779
0.354408
0.354788
0.364299
0.363677
0.349607
0.381491
0.383346
0.354762
0.388222
0.38527
0.378195
0.384682
0.387221
0.365485
0.394771
0.400062
0.379697
0.386583
0.384111
0.381435
0.419969
0.414409
0.397297
0.408427
0.407283
0.415727
0.431948
0.425895
0.4419
0.411907
0.450489
0.421634
0.452693
0.426747
0.448169
0.433605
0.460948
0.445266
0.470362
0.444593
0.471522
0.454284
0.48057
0.482342
0.46576
0.48311
0.491233
0.49343
0.493112
0.492121
0.476427
0.487102
0.498859
0.4994
0.499379
0.497441
0.494816
0.4995
0.501645
0.497765
0.498835
0.511726
0.513279
0.50642
0.513134
0.51762
0.51762
0.516708
0.513748
0.513748
0.516249
0.514468
0.514468
0.527829
0.337202
0.333382
0.329785
0.317946
0.319828
0.319715
0.31931
0.32201
0.340332
0.322542
0.342095
0.327273
0.322313
0.34428
0.328812
0.342718
0.336104
0.32737
0.349683
0.350304
0.335319
0.333556
0.34969
0.350934
0.344773
0.354434
0.352166
0.350398
0.355462
0.362591
0.365701
0.364119
0.36721
0.363863
0.372447
0.371438
0.369886
0.370904
0.379192
0.381419
0.380168
0.38155
0.393778
0.395597
0.389177
0.38991
0.406256
0.400979
0.409549
0.403638
0.414472
0.411142
0.41159
0.426819
0.426727
0.420818
0.434214
0.437771
0.428357
0.446196
0.435356
0.45418
0.443407
0.441666
0.466889
0.448237
0.445831
0.461635
0.451679
0.4524
0.484605
0.48873
0.491584
0.485754
0.478808
0.474996
0.501677
0.499262
0.494684
0.501934
0.504274
0.504268
0.504109
0.49785
0.497104
0.507142
0.497558
0.510683
0.510418
0.503509
0.511724
0.507382
0.507382
0.510826
0.507643
0.507643
0.525182
0.52687
0.52687
0.518441
0.321765
0.326073
0.327126
0.331178
0.330916
0.330597
0.330926
0.332559
0.324311
0.333771
0.327121
0.326068
0.331893
0.336043
0.335662
0.332798
0.331217
0.331743
0.342694
0.343402
0.338061
0.336985
0.34162
0.348566
0.349754
0.351292
0.345033
0.34786
0.353529
0.349781
0.351489
0.350956
0.352638
0.371097
0.364416
0.375011
0.371401
0.369136
0.379531
0.382819
0.38149
0.386771
0.385163
0.383018
0.395364
0.399672
0.39416
0.404078
0.397613
0.40461
0.412066
0.414432
0.41062
0.422369
0.425302
0.42634
0.42397
0.429385
0.436693
0.437065
0.439013
0.444601
0.447588
0.44883
0.452505
0.456403
0.457634
0.460221
0.463729
0.461851
0.470209
0.471117
0.471359
0.473588
0.476044
0.481511
0.479152
0.479206
0.480114
0.491609
0.498909
0.496072
0.495513
0.497311
0.503865
0.504339
0.50039
0.506518
0.504463
0.50879
0.507415
0.513209
0.513209
0.510537
0.510607
0.510607
0.5204
0.513614
0.513614
0.514899
0.324771
0.324075
0.324199
0.325253
0.325617
0.324936
0.325255
0.325811
0.328501
0.326863
0.328685
0.329639
0.329905
0.330218
0.332216
0.331619
0.33277
0.335257
0.336208
0.33794
0.336565
0.338076
0.342099
0.344359
0.345851
0.347566
0.346194
0.34922
0.348223
0.349251
0.357137
0.356335
0.361672
0.356988
0.362529
0.361897
0.374922
0.375395
0.379064
0.377725
0.378621
0.386744
0.378012
0.380494
0.392632
0.386245
0.397641
0.390176
0.397988
0.406712
0.414328
0.408761
0.408154
0.410346
0.414815
0.420771
0.435753
0.440872
0.436571
0.426037
0.445802
0.448652
0.448048
0.450381
0.447635
0.45047
0.45276
0.4609
0.463004
0.459304
0.464216
0.464372
0.472074
0.478156
0.472503
0.477317
0.476234
0.478058
0.4909
0.489669
0.483665
0.501139
0.503539
0.503103
0.503884
0.503264
0.498403
0.502523
0.502269
0.506198
0.506612
0.515326
0.515326
0.507731
0.511798
0.511798
0.508595
0.526423
0.526423
0.525191
0.329483
0.321955
0.322829
0.317012
0.317235
0.325609
0.328659
0.324645
0.321738
0.333963
0.320348
0.322244
0.328377
0.3388
0.326374
0.339825
0.340578
0.33479
0.326581
0.328304
0.333111
0.337079
0.348654
0.349411
0.352426
0.348901
0.34606
0.357208
0.337667
0.356686
0.361005
0.363818
0.352051
0.368916
0.361864
0.370956
0.356327
0.367737
0.366142
0.364169
0.36794
0.386128
0.370637
0.380509
0.380673
0.379224
0.378568
0.409836
0.394534
0.399128
0.390598
0.422462
0.397269
0.417725
0.416048
0.412721
0.423101
0.424038
0.431926
0.442574
0.426036
0.432387
0.429456
0.46108
0.434448
0.442455
0.45806
0.445063
0.441848
0.477829
0.467677
0.48537
0.454548
0.489319
0.486446
0.469813
0.48261
0.494272
0.488068
0.485641
0.489211
0.485946
0.502276
0.509539
0.506249
0.507363
0.511012
0.501654
0.506356
0.513188
0.515413
0.51502
0.51502
0.506373
0.517203
0.517203
0.517767
0.5121
0.5121
0.519826
0.325583
0.326413
0.326596
0.324864
0.325559
0.326465
0.325524
0.327035
0.326067
0.323807
0.329344
0.328787
0.327892
0.325241
0.332386
0.326555
0.3275
0.329072
0.336282
0.334059
0.338808
0.339839
0.341042
0.339543
0.342776
0.345361
0.344291
0.349279
0.343695
0.353151
0.350784
0.351397
0.351853
0.357283
0.359608
0.361494
0.367087
0.363057
0.366098
0.36896
0.372847
0.377548
0.37794
0.38279
0.38122
0.389729
0.392045
0.392242
0.396516
0.397345
0.404537
0.405792
0.408034
0.413762
0.414881
0.416543
0.418697
0.420812
0.420896
0.420859
0.439878
0.434024
0.432827
0.451587
0.434657
0.448598
0.464007
0.446914
0.464492
0.453668
0.457345
0.468184
0.471402
0.476039
0.479781
0.478054
0.485237
0.482531
0.481675
0.483097
0.493777
0.486551
0.491005
0.499283
0.496077
0.495098
0.496442
0.500198
0.509088
0.502265
0.512228
0.512674
0.512674
0.510483
0.514227
0.514227
0.512058
0.514286
0.514286
0.522022
0.336685
0.333856
0.336251
0.326508
0.330281
0.334174
0.327434
0.331189
0.333842
0.31324
0.332969
0.340423
0.340566
0.325087
0.338982
0.333065
0.337587
0.32931
0.319239
0.326965
0.320643
0.321161
0.326898
0.340751
0.329661
0.339228
0.335077
0.33076
0.339823
0.344413
0.365408
0.357754
0.336079
0.362748
0.365331
0.356005
0.369718
0.346984
0.351909
0.357742
0.375471
0.388547
0.39202
0.379433
0.400866
0.369887
0.372036
0.407475
0.410742
0.404388
0.415618
0.404369
0.395394
0.404443
0.397921
0.423536
0.431426
0.433124
0.425679
0.422116
0.442374
0.432274
0.426374
0.452717
0.448239
0.455772
0.439354
0.451965
0.44692
0.462008
0.457896
0.470788
0.459313
0.48016
0.460449
0.471436
0.470469
0.490732
0.468504
0.483479
0.500754
0.486502
0.502479
0.483015
0.500124
0.506553
0.508207
0.507596
0.499745
0.496059
0.514
0.511985
0.511985
0.513659
0.514505
0.514505
0.516274
0.51566
0.51566
0.521412
0.319863
0.319919
0.320014
0.320759
0.320599
0.321705
0.323056
0.323198
0.321844
0.324793
0.325197
0.324067
0.324483
0.324329
0.329137
0.325776
0.32722
0.327524
0.329934
0.330054
0.330963
0.331306
0.333295
0.33642
0.335036
0.342125
0.338518
0.343528
0.34008
0.350947
0.345008
0.346243
0.355582
0.350776
0.353103
0.359222
0.36364
0.366062
0.365543
0.365284
0.36665
0.377121
0.375513
0.380624
0.383941
0.381196
0.384716
0.390485
0.391774
0.393977
0.396963
0.400235
0.407447
0.410564
0.410423
0.413684
0.417207
0.42274
0.422771
0.423634
0.425167
0.431672
0.440919
0.437541
0.435906
0.453106
0.443856
0.451606
0.453221
0.452089
0.455376
0.464345
0.4714
0.465221
0.475626
0.477711
0.472445
0.478485
0.476672
0.480923
0.486476
0.491492
0.485605
0.496407
0.490998
0.496449
0.502451
0.502763
0.501681
0.500383
0.507004
0.503705
0.503705
0.505853
0.504507
0.504507
0.521749
0.518437
0.518437
0.522638
0.320678
0.319946
0.320872
0.31991
0.320793
0.322383
0.321736
0.322113
0.32351
0.321518
0.322632
0.323755
0.32453
0.326084
0.325498
0.326968
0.32746
0.328562
0.330889
0.330587
0.331901
0.332183
0.333468
0.335181
0.33547
0.340448
0.339723
0.343
0.342124
0.345964
0.346275
0.349668
0.350906
0.353797
0.355691
0.354937
0.361538
0.358787
0.364576
0.369904
0.371248
0.368986
0.369441
0.381779
0.382448
0.378116
0.382229
0.386232
0.386829
0.394205
0.397902
0.396762
0.398859
0.401364
0.411809
0.40892
0.410088
0.426722
0.42033
0.416993
0.420781
0.434066
0.44045
0.446792
0.443777
0.439483
0.454386
0.451651
0.448583
0.461665
0.452574
0.466217
0.470415
0.468021
0.470839
0.470205
0.478109
0.475697
0.481128
0.483722
0.486373
0.487802
0.486959
0.488561
0.49895
0.495416
0.493412
0.496085
0.498079
0.496672
0.498812
0.512939
0.512939
0.515586
0.516229
0.516229
0.514162
0.518564
0.518564
0.518172
0.316034
0.32222
0.313618
0.323183
0.315439
0.315237
0.328021
0.329287
0.310167
0.327005
0.338118
0.33574
0.336918
0.323477
0.330368
0.340812
0.343118
0.344463
0.340325
0.342974
0.34768
0.344892
0.347076
0.35023
0.332731
0.337916
0.325076
0.346114
0.331815
0.353705
0.339032
0.363178
0.342571
0.360595
0.349363
0.37057
0.34638
0.374551
0.362898
0.350906
0.367522
0.367831
0.376993
0.377909
0.372975
0.373912
0.368845
0.376057
0.372727
0.404535
0.412408
0.412537
0.399267
0.418826
0.405257
0.42449
0.417628
0.409021
0.436623
0.41839
0.429776
0.426136
0.442237
0.447652
0.450691
0.439453
0.440981
0.443042
0.462098
0.461491
0.456595
0.468848
0.471167
0.471069
0.463389
0.468652
0.467773
0.479673
0.480515
0.486702
0.490318
0.490039
0.48372
0.485117
0.497829
0.486484
0.504105
0.504701
0.498471
0.497434
0.503418
0.512265
0.512265
0.50594
0.502786
0.502786
0.508828
0.519712
0.519712
0.524604
0.317046
0.317163
0.31739
0.317409
0.317824
0.320909
0.32099
0.321087
0.321674
0.319634
0.320595
0.321504
0.322026
0.32373
0.323992
0.323959
0.324774
0.325438
0.326991
0.328167
0.328251
0.329475
0.330398
0.331001
0.336716
0.33472
0.340743
0.335507
0.337601
0.346096
0.340662
0.345779
0.349372
0.353298
0.353098
0.354995
0.353439
0.361353
0.362717
0.359727
0.365397
0.367171
0.370711
0.375315
0.376154
0.374812
0.381604
0.382605
0.386488
0.391041
0.392346
0.395182
0.400964
0.399648
0.407655
0.404733
0.41565
0.411781
0.420691
0.423888
0.425596
0.425846
0.433044
0.437
0.438191
0.441737
0.444942
0.445411
0.448033
0.451854
0.456872
0.456283
0.456517
0.456699
0.473877
0.464707
0.472431
0.473874
0.478512
0.484861
0.483358
0.479891
0.49222
0.491894
0.489634
0.495321
0.493899
0.494943
0.501513
0.502644
0.502607
0.502987
0.502987
0.510471
0.509484
0.509484
0.509759
0.51643
0.51643
0.51283
0.311196
0.311683
0.312129
0.311474
0.313224
0.326393
0.323306
0.321846
0.327404
0.316028
0.313815
0.315225
0.315044
0.319943
0.32791
0.317782
0.324546
0.325278
0.322495
0.335401
0.33476
0.336898
0.337416
0.338221
0.329635
0.339589
0.333979
0.343368
0.343836
0.336025
0.347799
0.338613
0.35213
0.352198
0.358282
0.352751
0.345932
0.366313
0.356578
0.353532
0.373414
0.360662
0.366087
0.365918
0.365434
0.380531
0.370793
0.373921
0.379241
0.392165
0.385345
0.385226
0.390134
0.396859
0.407422
0.416319
0.401062
0.422408
0.408501
0.430272
0.431667
0.419115
0.432173
0.426518
0.427075
0.434147
0.450336
0.442625
0.452614
0.456084
0.455205
0.454469
0.455344
0.467028
0.459885
0.477559
0.477078
0.466118
0.463036
0.484682
0.489338
0.472957
0.498133
0.497019
0.498345
0.484317
0.498649
0.486216
0.50667
0.509084
0.504933
0.508906
0.508906
0.508709
0.510665
0.510665
0.507282
0.513545
0.513545
0.515524
0.313672
0.31463
0.312195
0.313206
0.312697
0.322974
0.322484
0.321328
0.324379
0.316132
0.314665
0.315522
0.315672
0.317951
0.327508
0.320721
0.327229
0.328373
0.327627
0.330938
0.331815
0.328204
0.327304
0.327479
0.331761
0.333953
0.341263
0.330228
0.3315
0.346471
0.338719
0.349196
0.339235
0.341027
0.351489
0.343985
0.347082
0.365043
0.356358
0.351755
0.372532
0.364906
0.374387
0.360849
0.366545
0.362057
0.388641
0.390803
0.392812
0.385401
0.402976
0.401817
0.404846
0.383
0.417177
0.42107
0.392099
0.420348
0.41659
0.420238
0.415268
0.438688
0.424857
0.447549
0.447437
0.448816
0.453839
0.447
0.449742
0.449009
0.460501
0.460574
0.459327
0.45763
0.466443
0.469044
0.472844
0.468521
0.473923
0.479954
0.477281
0.485921
0.479532
0.482426
0.484195
0.497493
0.500417
0.492823
0.502092
0.503808
0.497461
0.497009
0.497009
0.505381
0.5114
0.5114
0.517286
0.517644
0.517644
0.51261
0.318443
0.317961
0.320385
0.319886
0.320692
0.313774
0.31515
0.316853
0.314391
0.320188
0.323122
0.323636
0.324077
0.324772
0.317608
0.322026
0.318913
0.319202
0.320623
0.326608
0.326886
0.331746
0.33329
0.334027
0.328767
0.336274
0.335199
0.336062
0.337329
0.340426
0.338238
0.342759
0.342656
0.345024
0.347509
0.347413
0.348834
0.357688
0.353615
0.35748
0.36133
0.368387
0.370751
0.373589
0.376269
0.375024
0.373773
0.375911
0.375881
0.383759
0.381166
0.39224
0.398796
0.393803
0.406614
0.409233
0.400148
0.40828
0.420774
0.408047
0.411926
0.412546
0.431025
0.419445
0.424692
0.434544
0.433719
0.450608
0.45489
0.458524
0.452802
0.459494
0.462123
0.456468
0.465658
0.467047
0.470992
0.468945
0.475034
0.474812
0.480968
0.481501
0.482671
0.484546
0.488314
0.489557
0.492152
0.490693
0.494619
0.490626
0.50787
0.509068
0.509068
0.509528
0.50499
0.50499
0.513555
0.513545
0.513545
0.514336
0.31207
0.31155
0.318592
0.316237
0.322463
0.31466
0.310023
0.311405
0.312263
0.324485
0.326345
0.326377
0.327803
0.327489
0.313257
0.321318
0.314399
0.31457
0.315541
0.330569
0.331676
0.335746
0.333922
0.331987
0.324413
0.335425
0.341674
0.325816
0.326364
0.340458
0.346006
0.336342
0.350698
0.354533
0.348043
0.357557
0.359199
0.344971
0.3647
0.347063
0.369143
0.361623
0.373803
0.368681
0.377873
0.374627
0.368213
0.367741
0.3797
0.372227
0.389678
0.397488
0.39392
0.390995
0.390065
0.391437
0.419053
0.415961
0.399202
0.421868
0.410795
0.421672
0.436137
0.415655
0.422626
0.441336
0.444872
0.445343
0.438989
0.439013
0.441209
0.443561
0.465133
0.456739
0.469693
0.465702
0.477698
0.464783
0.478422
0.474967
0.472179
0.490193
0.47459
0.496696
0.488176
0.493135
0.494392
0.493186
0.502819
0.490779
0.505938
0.50611
0.50611
0.504665
0.511303
0.511303
0.50586
0.513523
0.513523
0.511218
0.318765
0.31862
0.32041
0.320658
0.318695
0.311331
0.317468
0.320233
0.314846
0.313182
0.317001
0.317987
0.315798
0.318741
0.323125
0.318015
0.324562
0.326089
0.327093
0.322937
0.322313
0.321096
0.324076
0.327304
0.333591
0.330475
0.327848
0.338704
0.339139
0.338648
0.333111
0.343556
0.336986
0.339684
0.349843
0.348995
0.346197
0.347625
0.355332
0.353845
0.360083
0.357926
0.365682
0.366331
0.369792
0.370693
0.369695
0.372047
0.380574
0.379739
0.387626
0.383525
0.387469
0.394889
0.397071
0.40087
0.404195
0.404892
0.408165
0.414488
0.41589
0.418679
0.422581
0.426075
0.427727
0.431931
0.434099
0.441673
0.443779
0.44466
0.445646
0.449223
0.45992
0.452493
0.461734
0.463559
0.46179
0.466201
0.473922
0.468558
0.477418
0.485566
0.477998
0.489354
0.480286
0.492299
0.487961
0.494587
0.490644
0.501519
0.494761
0.505844
0.505844
0.506416
0.506915
0.506915
0.508541
0.510751
0.510751
0.511356
0.313356
0.313326
0.311052
0.311403
0.312264
0.318983
0.314963
0.313187
0.317748
0.320064
0.318451
0.318655
0.321871
0.320957
0.315341
0.320971
0.315777
0.315947
0.317024
0.32846
0.329401
0.326997
0.323639
0.322195
0.333341
0.323878
0.325895
0.337298
0.33886
0.331952
0.33368
0.341627
0.334061
0.335502
0.350568
0.349457
0.346641
0.342263
0.359476
0.345892
0.363963
0.365571
0.364731
0.372015
0.358857
0.361488
0.379843
0.376296
0.369631
0.371014
0.388577
0.382827
0.379816
0.398493
0.398519
0.404939
0.406148
0.404668
0.401973
0.408618
0.407807
0.411303
0.413564
0.42747
0.418864
0.434893
0.441161
0.432296
0.440978
0.450969
0.450939
0.444743
0.458439
0.450385
0.45992
0.457709
0.466689
0.459628
0.472097
0.478966
0.476547
0.47427
0.478977
0.487467
0.483993
0.491232
0.489159
0.492245
0.492083
0.49727
0.497464
0.50176
0.50176
0.501849
0.501998
0.501998
0.505246
0.513303
0.513303
0.516783
0.319261
0.319219
0.314246
0.315475
0.310232
0.317468
0.320125
0.318026
0.321338
0.315702
0.312877
0.313297
0.318095
0.316301
0.316857
0.32438
0.315783
0.313973
0.31451
0.3282
0.3302
0.327665
0.32216
0.31963
0.334855
0.321724
0.322382
0.339715
0.340417
0.337087
0.328434
0.343727
0.335843
0.343044
0.34465
0.348246
0.350441
0.352344
0.346065
0.357164
0.347806
0.352377
0.356343
0.357084
0.369099
0.371192
0.361383
0.372443
0.377698
0.385998
0.371835
0.393165
0.385514
0.398636
0.389059
0.405474
0.403708
0.404364
0.402246
0.400274
0.41334
0.421549
0.425732
0.412872
0.431403
0.423838
0.422256
0.44877
0.426852
0.449052
0.453194
0.443695
0.456187
0.445396
0.460559
0.450885
0.474405
0.464616
0.456493
0.463383
0.474772
0.490689
0.492583
0.471703
0.49431
0.493834
0.494942
0.490317
0.4958
0.492255
0.50506
0.498237
0.498237
0.509927
0.503233
0.503233
0.508708
0.514186
0.514186
0.515137
0.309565
0.310555
0.323877
0.322567
0.326867
0.303767
0.313781
0.322197
0.31021
0.306464
0.312368
0.311984
0.306326
0.308546
0.331628
0.326474
0.330815
0.325091
0.322519
0.315586
0.322184
0.3376
0.334412
0.3257
0.328353
0.317622
0.32165
0.341163
0.34581
0.334051
0.321532
0.350383
0.333145
0.347962
0.33943
0.343244
0.345383
0.361603
0.337093
0.360826
0.356989
0.351833
0.37056
0.373875
0.352582
0.35235
0.370601
0.35728
0.387275
0.38885
0.367616
0.3969
0.38568
0.404142
0.393536
0.40877
0.415939
0.418161
0.421842
0.413445
0.419936
0.408889
0.406131
0.431616
0.405901
0.44511
0.418126
0.450502
0.423475
0.448325
0.458611
0.432824
0.465479
0.450479
0.439376
0.459617
0.452546
0.469778
0.483496
0.483592
0.48284
0.478724
0.474167
0.472854
0.49444
0.488506
0.49092
0.494045
0.499219
0.486096
0.487364
0.505158
0.505158
0.495678
0.51251
0.51251
0.512953
0.501486
0.501486
0.520343
0.317859
0.318699
0.322056
0.322471
0.315604
0.309602
0.322053
0.323381
0.321091
0.309036
0.307231
0.307835
0.313972
0.312098
0.316617
0.326409
0.312351
0.309528
0.310477
0.33254
0.332392
0.319116
0.313314
0.317655
0.334579
0.33265
0.331099
0.326044
0.321013
0.333427
0.347803
0.324385
0.336138
0.325246
0.35569
0.35753
0.35912
0.344454
0.343273
0.36405
0.336986
0.337125
0.372356
0.375715
0.356556
0.350504
0.372241
0.353233
0.38895
0.392977
0.360349
0.394487
0.365299
0.392249
0.404839
0.374617
0.38004
0.380355
0.383645
0.391726
0.414955
0.433623
0.43183
0.441832
0.408971
0.448766
0.412561
0.456255
0.413726
0.463198
0.443462
0.457188
0.427936
0.457352
0.474754
0.440499
0.48017
0.484015
0.478341
0.481101
0.483859
0.482692
0.479296
0.469104
0.479331
0.494524
0.47829
0.482356
0.479328
0.497823
0.497339
0.51073
0.51073
0.494049
0.515749
0.515749
0.511816
0.516796
0.516796
0.504158
0.305641
0.304501
0.304593
0.304119
0.316975
0.31611
0.302741
0.305697
0.30368
0.318659
0.324754
0.323666
0.313227
0.316652
0.3277
0.316823
0.331835
0.328789
0.324941
0.312479
0.320645
0.336267
0.329451
0.318119
0.335448
0.314424
0.314858
0.342404
0.335983
0.345616
0.33866
0.321298
0.346202
0.330339
0.349425
0.353247
0.35689
0.343475
0.339169
0.365824
0.342523
0.341913
0.372493
0.372308
0.342855
0.353592
0.344484
0.379315
0.355271
0.356197
0.398838
0.362694
0.404911
0.392125
0.382624
0.40617
0.409124
0.392254
0.385004
0.402272
0.403791
0.437059
0.428408
0.440644
0.393723
0.428638
0.41506
0.425779
0.461393
0.410135
0.433388
0.424424
0.480499
0.473447
0.432914
0.47455
0.488826
0.480291
0.475481
0.491073
0.496015
0.493314
0.493944
0.496784
0.485785
0.472745
0.488847
0.503418
0.483425
0.505543
0.505343
0.50623
0.50623
0.495749
0.508449
0.508449
0.499201
0.500354
0.500354
0.518411
0.316747
0.316581
0.311311
0.3118
0.307494
0.316919
0.31504
0.311268
0.31627
0.318303
0.317251
0.318488
0.320691
0.321405
0.311987
0.310929
0.317133
0.321755
0.324348
0.315347
0.31394
0.32249
0.329022
0.327441
0.321877
0.320745
0.321806
0.33425
0.335199
0.336521
0.33019
0.328305
0.339875
0.333431
0.342948
0.346174
0.348376
0.346058
0.338672
0.353748
0.351889
0.353972
0.352782
0.351772
0.36135
0.37
0.364983
0.372179
0.367688
0.37524
0.366172
0.385969
0.369404
0.376582
0.380004
0.395437
0.402649
0.405922
0.402448
0.408906
0.399571
0.419533
0.415513
0.419394
0.412053
0.412008
0.437063
0.42202
0.430338
0.442461
0.438499
0.449313
0.445958
0.445048
0.443468
0.461355
0.462475
0.462141
0.462925
0.466527
0.470904
0.473882
0.47452
0.474388
0.4738
0.476203
0.492963
0.491786
0.487475
0.49736
0.495183
0.495032
0.495032
0.50106
0.503006
0.503006
0.507163
0.506293
0.506293
0.509717
0.320063
0.321578
0.321121
0.321583
0.309141
0.314349
0.324372
0.319506
0.325257
0.317178
0.312819
0.315815
0.326276
0.325904
0.304802
0.308115
0.311892
0.322694
0.329817
0.313078
0.307268
0.323056
0.337266
0.332618
0.321049
0.313156
0.313602
0.343748
0.338892
0.34566
0.33958
0.317422
0.336116
0.319746
0.356315
0.354763
0.347913
0.360009
0.342292
0.332547
0.356252
0.355306
0.348467
0.363347
0.35454
0.342682
0.34836
0.372379
0.351251
0.351892
0.384428
0.392638
0.365297
0.38324
0.384641
0.395335
0.409425
0.407601
0.390363
0.39475
0.415501
0.414244
0.390347
0.396119
0.437864
0.440236
0.403493
0.437412
0.456075
0.41303
0.462155
0.440542
0.422142
0.424128
0.435567
0.476771
0.477335
0.477495
0.47607
0.455749
0.457541
0.481001
0.487096
0.491145
0.489278
0.485496
0.472338
0.476807
0.5007
0.479994
0.504478
0.508147
0.508147
0.504975
0.491167
0.491167
0.514117
0.511835
0.511835
0.51475
0.310795
0.311111
0.312106
0.312233
0.311424
0.310677
0.312706
0.312909
0.313235
0.312153
0.31212
0.312797
0.314853
0.315276
0.312879
0.314114
0.314454
0.316426
0.318514
0.31743
0.316188
0.319656
0.323408
0.323081
0.322396
0.321383
0.322165
0.328571
0.327554
0.330114
0.332195
0.329349
0.329501
0.332207
0.337302
0.336377
0.335196
0.33884
0.347428
0.343988
0.340932
0.343283
0.35652
0.35387
0.356732
0.366769
0.366482
0.359817
0.373889
0.375078
0.373146
0.366275
0.385029
0.389077
0.39021
0.380363
0.389432
0.399579
0.397617
0.399485
0.40535
0.406289
0.403238
0.411954
0.416574
0.423407
0.424116
0.419864
0.427931
0.438598
0.430926
0.435557
0.443672
0.446453
0.451329
0.454843
0.454838
0.455136
0.459526
0.469161
0.465297
0.468938
0.472768
0.478334
0.47949
0.478881
0.476351
0.47915
0.496438
0.490047
0.497659
0.490752
0.490752
0.490943
0.503344
0.503344
0.503548
0.514105
0.514105
0.513954
0.323953
0.326071
0.322511
0.322735
0.304993
0.319273
0.326736
0.316435
0.327415
0.324918
0.320563
0.324884
0.33189
0.332725
0.30827
0.301406
0.325411
0.334798
0.333883
0.304094
0.31532
0.339276
0.324829
0.307479
0.343156
0.326235
0.331197
0.313902
0.310428
0.310282
0.325073
0.353308
0.335938
0.355625
0.324421
0.339902
0.356766
0.349215
0.321404
0.34965
0.368369
0.364105
0.342903
0.367283
0.340486
0.344883
0.342066
0.384366
0.366637
0.391696
0.354845
0.349276
0.403021
0.405554
0.407509
0.373655
0.405385
0.403669
0.372758
0.373988
0.419631
0.382445
0.43346
0.424237
0.409528
0.415734
0.400888
0.434079
0.45286
0.442843
0.420342
0.441033
0.456325
0.449821
0.465096
0.473128
0.472662
0.46844
0.445808
0.46963
0.470373
0.455689
0.468196
0.48973
0.492319
0.49205
0.492362
0.489424
0.478102
0.483049
0.495392
0.502429
0.502429
0.499504
0.504154
0.504154
0.503057
0.507943
0.507943
0.505624
0.311882
0.313132
0.314829
0.314988
0.309484
0.310545
0.316048
0.313751
0.316521
0.313768
0.312543
0.31448
0.31881
0.319362
0.309879
0.308395
0.316743
0.321133
0.321697
0.311481
0.315489
0.324939
0.320057
0.314312
0.328001
0.324803
0.327455
0.318298
0.321083
0.320845
0.322164
0.334076
0.336219
0.334161
0.337719
0.342618
0.342177
0.345231
0.341573
0.336282
0.339002
0.33898
0.355991
0.349782
0.35907
0.362928
0.364713
0.354582
0.359333
0.356838
0.36798
0.377365
0.372411
0.375316
0.382496
0.372012
0.383989
0.40102
0.385828
0.385057
0.407594
0.394249
0.4168
0.404887
0.422301
0.428989
0.41589
0.411016
0.415558
0.430231
0.442018
0.440028
0.441108
0.45481
0.44784
0.442672
0.455787
0.46629
0.464034
0.454576
0.475097
0.456958
0.469331
0.487084
0.48004
0.476272
0.476339
0.480679
0.495851
0.497529
0.480692
0.499131
0.499131
0.505566
0.50517
0.50517
0.497887
0.509348
0.509348
0.502928
0.324653
0.322785
0.305645
0.305652
0.299456
0.326414
0.309161
0.300138
0.308565
0.325603
0.328047
0.326678
0.313077
0.314075
0.32884
0.32036
0.327904
0.314825
0.305265
0.330412
0.33332
0.309178
0.30988
0.329794
0.307629
0.32871
0.323541
0.338263
0.34274
0.345711
0.342412
0.318367
0.315016
0.332512
0.322317
0.316175
0.329837
0.325984
0.325287
0.357842
0.367739
0.360556
0.350235
0.374025
0.333402
0.37286
0.376674
0.339002
0.376476
0.344469
0.381303
0.393157
0.364711
0.372513
0.393493
0.360006
0.403175
0.389642
0.371871
0.396257
0.373747
0.429296
0.378063
0.417119
0.389165
0.388601
0.408722
0.432599
0.432947
0.45818
0.420395
0.422564
0.431201
0.464986
0.45548
0.459219
0.479777
0.471702
0.432498
0.485385
0.444085
0.490725
0.458223
0.46108
0.502242
0.505029
0.500836
0.502617
0.505053
0.495885
0.470878
0.509041
0.509041
0.506373
0.500753
0.500753
0.515792
0.495918
0.495918
0.52185
0.306853
0.308122
0.314252
0.314537
0.31257
0.306243
0.314573
0.315397
0.315357
0.309698
0.308542
0.310688
0.316974
0.317613
0.307517
0.3077
0.314309
0.31995
0.321162
0.309981
0.314682
0.324209
0.317099
0.312314
0.32545
0.327316
0.329402
0.31715
0.326543
0.326989
0.321431
0.321669
0.330912
0.323538
0.335722
0.328587
0.327086
0.328126
0.336255
0.349506
0.351547
0.350972
0.346647
0.357307
0.345585
0.361586
0.36358
0.350529
0.357156
0.35558
0.358964
0.362745
0.38327
0.386574
0.379604
0.389927
0.377875
0.390388
0.394792
0.385878
0.40557
0.394266
0.406175
0.398052
0.411783
0.404624
0.417562
0.425137
0.423933
0.434763
0.437704
0.443846
0.450266
0.446314
0.448983
0.443383
0.439304
0.45205
0.461712
0.462702
0.453024
0.480535
0.471032
0.464689
0.488365
0.486467
0.477551
0.476506
0.480828
0.486938
0.500122
0.48115
0.48115
0.500275
0.507292
0.507292
0.504512
0.494823
0.494823
0.513467
0.303567
0.304534
0.312601
0.312838
0.315276
0.303474
0.312318
0.316319
0.313579
0.306065
0.305343
0.307133
0.315103
0.315797
0.305621
0.307975
0.311424
0.319046
0.32252
0.308138
0.312501
0.325377
0.317405
0.310399
0.326223
0.328346
0.33065
0.316165
0.328414
0.329424
0.322639
0.318064
0.325728
0.324594
0.328484
0.322744
0.331306
0.332089
0.326403
0.338357
0.345307
0.335154
0.357946
0.34394
0.363724
0.348142
0.343928
0.371237
0.360166
0.374006
0.3744
0.374321
0.358866
0.364641
0.377682
0.368195
0.394909
0.375333
0.396426
0.403695
0.398999
0.385846
0.415449
0.393184
0.418976
0.403515
0.416814
0.422626
0.415201
0.425859
0.446197
0.446958
0.439221
0.423821
0.423923
0.43328
0.469854
0.462468
0.447885
0.447953
0.482362
0.452366
0.481145
0.458437
0.476653
0.491257
0.488126
0.483925
0.482713
0.486225
0.500408
0.484408
0.484408
0.504773
0.49233
0.49233
0.491767
0.509049
0.509049
0.500877
0.319429
0.317969
0.304643
0.30434
0.300588
0.320804
0.306334
0.300391
0.30529
0.318856
0.321225
0.318828
0.306884
0.306894
0.324342
0.322542
0.315977
0.305248
0.304296
0.327831
0.317074
0.306682
0.325962
0.330149
0.317974
0.308238
0.311033
0.324774
0.310649
0.311631
0.319169
0.336898
0.34158
0.324035
0.346537
0.337745
0.320953
0.322108
0.339215
0.354394
0.356456
0.349174
0.354973
0.355922
0.356257
0.356166
0.347253
0.370949
0.356563
0.374342
0.375966
0.377158
0.359495
0.371434
0.384926
0.380613
0.384847
0.382274
0.391662
0.38133
0.395145
0.403487
0.391138
0.413922
0.403103
0.420939
0.422087
0.423924
0.428804
0.430366
0.432193
0.438663
0.438501
0.431959
0.431932
0.442469
0.457319
0.445459
0.46357
0.450689
0.454103
0.474436
0.456873
0.481887
0.462586
0.465594
0.487633
0.490895
0.490941
0.490998
0.491034
0.486381
0.486381
0.497944
0.493007
0.493007
0.49269
0.494753
0.494753
0.514106
0.314043
0.314141
0.308817
0.308673
0.302997
0.314297
0.310076
0.305019
0.309588
0.315708
0.316315
0.316314
0.311059
0.311167
0.317272
0.314384
0.316358
0.310078
0.307427
0.321084
0.317138
0.309598
0.319275
0.323621
0.316286
0.312829
0.314292
0.322482
0.315237
0.316274
0.320022
0.32918
0.333387
0.323351
0.336628
0.329416
0.325238
0.327039
0.329917
0.339251
0.342299
0.334715
0.349898
0.337756
0.356754
0.340123
0.345622
0.351179
0.364734
0.347707
0.353666
0.350832
0.377482
0.364611
0.356082
0.355356
0.398457
0.364054
0.40711
0.391628
0.41265
0.394707
0.381789
0.423615
0.394309
0.43167
0.434571
0.436612
0.419266
0.424393
0.445243
0.426617
0.41275
0.453568
0.455533
0.448188
0.436486
0.465227
0.436022
0.448553
0.474048
0.473118
0.469753
0.475562
0.464362
0.460688
0.489931
0.492129
0.484612
0.482326
0.487352
0.499794
0.499794
0.48541
0.505414
0.505414
0.501484
0.503543
0.503543
0.508939
0.309253
0.309261
0.307549
0.307616
0.30608
0.30966
0.308303
0.307004
0.308481
0.310681
0.311106
0.311293
0.309936
0.310269
0.312406
0.311951
0.312532
0.310947
0.311157
0.315407
0.313633
0.313768
0.317469
0.31734
0.318293
0.317335
0.318872
0.319389
0.319813
0.32132
0.321962
0.323945
0.325495
0.326797
0.328294
0.328829
0.3321
0.33415
0.333306
0.334301
0.335135
0.339684
0.338709
0.344115
0.344225
0.35056
0.354131
0.350454
0.350754
0.360607
0.358521
0.360706
0.361145
0.364072
0.373926
0.37309
0.38127
0.382915
0.381824
0.383698
0.38334
0.392907
0.404599
0.394873
0.401459
0.407486
0.409586
0.414741
0.426623
0.426663
0.431353
0.430709
0.426753
0.440736
0.441351
0.441285
0.446726
0.44965
0.452428
0.454318
0.457312
0.459955
0.462251
0.463705
0.477899
0.472909
0.473182
0.480089
0.486046
0.485913
0.485925
0.487914
0.487914
0.494029
0.49324
0.49324
0.498165
0.498913
0.498913
0.498122
0.303704
0.305192
0.312466
0.312892
0.311891
0.303408
0.312901
0.314332
0.313972
0.307692
0.306453
0.309337
0.316191
0.316876
0.306056
0.304623
0.315775
0.318865
0.315308
0.311411
0.319171
0.31528
0.309172
0.317628
0.310817
0.318409
0.314186
0.328248
0.319599
0.319099
0.325592
0.332875
0.33176
0.324604
0.337613
0.329219
0.32215
0.324678
0.325313
0.332436
0.333648
0.330099
0.338211
0.336794
0.339937
0.35215
0.362111
0.346478
0.341152
0.369994
0.366092
0.371147
0.361588
0.376218
0.371434
0.371193
0.377861
0.375874
0.390507
0.385432
0.393791
0.396929
0.391889
0.39989
0.408513
0.400729
0.403157
0.407535
0.42596
0.425946
0.429771
0.428355
0.42583
0.440499
0.439523
0.438259
0.445855
0.442772
0.449638
0.456445
0.461992
0.462735
0.461475
0.466246
0.473408
0.470049
0.477223
0.479226
0.478315
0.478495
0.479453
0.478926
0.478926
0.49183
0.497253
0.497253
0.503656
0.497991
0.497991
0.504694
0.30658
0.305911
0.304165
0.304319
0.307575
0.307595
0.304608
0.306451
0.305202
0.306556
0.307637
0.306806
0.306724
0.30727
0.309449
0.311815
0.307764
0.310109
0.314291
0.310394
0.309512
0.318022
0.315822
0.31115
0.319321
0.322199
0.322224
0.319598
0.324766
0.325762
0.327426
0.326462
0.321857
0.331152
0.330694
0.333906
0.325861
0.326159
0.33088
0.33672
0.337349
0.332811
0.34017
0.337599
0.342009
0.348932
0.355763
0.348869
0.345536
0.363467
0.36396
0.363113
0.365976
0.367428
0.364724
0.365572
0.381233
0.380175
0.377189
0.385624
0.383294
0.38174
0.393771
0.408385
0.400723
0.4041
0.401695
0.400272
0.425787
0.427784
0.431446
0.425941
0.423491
0.439832
0.435213
0.442053
0.43497
0.445716
0.439125
0.442157
0.4464
0.450292
0.465867
0.451726
0.466745
0.455327
0.487086
0.463015
0.475138
0.492284
0.502127
0.501699
0.501699
0.489223
0.484892
0.484892
0.498748
0.512881
0.512881
0.511476
0.306943
0.306354
0.304272
0.304328
0.3064
0.307862
0.304767
0.305686
0.305028
0.307081
0.308098
0.307362
0.306566
0.306913
0.309745
0.311718
0.307818
0.309327
0.313098
0.310706
0.309408
0.316741
0.315403
0.311208
0.318359
0.320998
0.320872
0.319508
0.323325
0.323956
0.326207
0.326607
0.323251
0.327941
0.331448
0.330033
0.324096
0.32602
0.326925
0.33051
0.33074
0.334892
0.332941
0.34462
0.338564
0.351064
0.346122
0.354757
0.355341
0.350495
0.352401
0.350896
0.354905
0.359196
0.377552
0.377693
0.367259
0.379504
0.387124
0.382792
0.389809
0.396098
0.396711
0.391874
0.395316
0.410123
0.411776
0.409928
0.41392
0.416298
0.420887
0.429286
0.423656
0.436791
0.434477
0.441804
0.436523
0.449314
0.44842
0.451687
0.455507
0.454409
0.466485
0.467787
0.466338
0.470617
0.472212
0.471948
0.481989
0.481361
0.479536
0.479847
0.479847
0.480883
0.499147
0.499147
0.489863
0.507328
0.507328
0.508771
0.30256
0.305134
0.317431
0.317657
0.314281
0.301043
0.317425
0.318722
0.318843
0.308089
0.305902
0.310817
0.321501
0.322124
0.304884
0.300451
0.321242
0.322627
0.312355
0.315304
0.325654
0.308088
0.308325
0.326406
0.306508
0.306812
0.306059
0.3224
0.306765
0.308802
0.308644
0.314835
0.32566
0.319964
0.314166
0.324413
0.345399
0.344579
0.348401
0.347385
0.350363
0.341274
0.355698
0.327262
0.352453
0.339689
0.365727
0.343746
0.335447
0.370637
0.374238
0.352168
0.37303
0.345614
0.375014
0.387162
0.352628
0.38876
0.394497
0.37936
0.39052
0.405782
0.413111
0.393829
0.379816
0.410627
0.392903
0.387982
0.436863
0.42501
0.418237
0.414343
0.443198
0.425227
0.440096
0.420128
0.452773
0.42566
0.429066
0.431917
0.436487
0.437399
0.481272
0.481581
0.467885
0.478652
0.477378
0.484435
0.46689
0.479971
0.493293
0.490406
0.490406
0.49225
0.496369
0.496369
0.491374
0.500737
0.500737
0.503521
0.304037
0.305883
0.313781
0.313883
0.31026
0.302925
0.313991
0.313912
0.31495
0.308215
0.306737
0.31033
0.316936
0.317494
0.306334
0.302842
0.31781
0.317221
0.309686
0.315053
0.320374
0.307285
0.31129
0.322557
0.310421
0.308136
0.310158
0.316539
0.310593
0.314299
0.312484
0.31323
0.317626
0.327562
0.31667
0.332475
0.333768
0.329703
0.336886
0.341527
0.340549
0.3272
0.337627
0.334895
0.332998
0.354063
0.347055
0.357597
0.357796
0.34326
0.344023
0.350127
0.344841
0.371979
0.367621
0.355862
0.386766
0.375612
0.366163
0.392358
0.392519
0.387026
0.379525
0.380739
0.393747
0.418185
0.413679
0.3961
0.426299
0.425816
0.421724
0.416113
0.433467
0.431183
0.438974
0.428705
0.435288
0.443535
0.445204
0.453122
0.460282
0.461196
0.454052
0.454468
0.459065
0.467837
0.459042
0.472416
0.474338
0.463018
0.48975
0.499176
0.499176
0.499082
0.496122
0.496122
0.486094
0.504837
0.504837
0.506796
0.298453
0.300067
0.313634
0.313941
0.317799
0.297676
0.312601
0.319082
0.314663
0.30176
0.300205
0.303925
0.317686
0.31907
0.299878
0.29939
0.315788
0.323975
0.317769
0.308984
0.324031
0.311839
0.304102
0.32349
0.303718
0.306985
0.304178
0.322868
0.30508
0.307785
0.306715
0.310183
0.318891
0.326495
0.310881
0.335284
0.337726
0.328877
0.339108
0.345438
0.341037
0.319752
0.329797
0.341102
0.326189
0.357286
0.332474
0.353168
0.359119
0.346634
0.346368
0.370836
0.362023
0.374306
0.347332
0.362782
0.359556
0.3943
0.391506
0.369893
0.373432
0.381405
0.396029
0.416136
0.419711
0.389786
0.422459
0.422229
0.405237
0.42977
0.438357
0.400808
0.445294
0.422855
0.440779
0.419698
0.424321
0.452194
0.456617
0.466203
0.461608
0.44915
0.467067
0.468459
0.462259
0.474165
0.481264
0.467882
0.485599
0.480195
0.472796
0.490165
0.490165
0.49467
0.490348
0.490348
0.484929
0.506554
0.506554
0.500978
0.310369
0.313396
0.320435
0.320472
0.308006
0.306751
0.321447
0.315907
0.321738
0.315399
0.312799
0.318137
0.323294
0.323401
0.311459
0.30314
0.325939
0.317396
0.302972
0.324752
0.32379
0.300149
0.319761
0.328778
0.318526
0.305823
0.318244
0.304496
0.318313
0.328161
0.322786
0.314724
0.307625
0.342537
0.333928
0.340019
0.310703
0.314327
0.312384
0.313924
0.315156
0.351818
0.333698
0.350559
0.364878
0.322663
0.361512
0.337682
0.332971
0.358692
0.356925
0.328873
0.332302
0.373679
0.369704
0.338149
0.395825
0.400312
0.361856
0.395287
0.39533
0.399073
0.407677
0.41835
0.41821
0.390611
0.425788
0.410552
0.421839
0.431819
0.415792
0.42371
0.412714
0.445872
0.430256
0.452949
0.455434
0.424099
0.42411
0.432563
0.461324
0.473584
0.438045
0.441551
0.440253
0.490752
0.482368
0.474945
0.490308
0.484087
0.468671
0.501723
0.501723
0.500018
0.50139
0.50139
0.501379
0.485833
0.485833
0.502522
0.320876
0.318396
0.299907
0.299829
0.296924
0.323912
0.302983
0.295316
0.301497
0.320087
0.323209
0.318661
0.300915
0.299999
0.326221
0.327878
0.306302
0.296747
0.308261
0.31789
0.298089
0.323392
0.328902
0.301198
0.332444
0.337715
0.33449
0.32679
0.336778
0.328315
0.33646
0.34461
0.345281
0.305777
0.33138
0.30578
0.348427
0.356018
0.356317
0.356228
0.361234
0.322683
0.347383
0.325696
0.31545
0.370017
0.324856
0.352338
0.357406
0.360191
0.365009
0.374678
0.382267
0.338151
0.381475
0.385677
0.372342
0.351015
0.362354
0.395458
0.400605
0.40129
0.399275
0.39192
0.383851
0.376625
0.402337
0.426284
0.402239
0.430419
0.424595
0.416483
0.412844
0.443357
0.423838
0.445126
0.456575
0.418825
0.430396
0.461838
0.464256
0.439461
0.474901
0.47425
0.472574
0.453815
0.451356
0.481408
0.458143
0.48617
0.467852
0.482263
0.482263
0.500875
0.501989
0.501989
0.49555
0.485486
0.485486
0.505957
0.304713
0.307338
0.318909
0.319006
0.312728
0.300652
0.318702
0.318978
0.319807
0.307746
0.304883
0.310174
0.322043
0.32273
0.303369
0.298208
0.322162
0.322078
0.309011
0.317399
0.325632
0.302166
0.312013
0.328561
0.311833
0.302812
0.312862
0.305923
0.314352
0.325126
0.320852
0.314612
0.307892
0.339203
0.33705
0.331571
0.310853
0.323058
0.318161
0.317802
0.329268
0.35317
0.355715
0.319715
0.34023
0.356962
0.352744
0.368886
0.369969
0.335256
0.341017
0.37871
0.377513
0.347621
0.369362
0.388111
0.366902
0.349021
0.358552
0.398668
0.403492
0.403872
0.403783
0.403845
0.402582
0.393575
0.411851
0.395038
0.418505
0.400023
0.406734
0.416735
0.432515
0.41681
0.432459
0.430062
0.430663
0.440461
0.433152
0.436362
0.460562
0.456014
0.457089
0.464941
0.466668
0.458273
0.4595
0.473255
0.463764
0.480882
0.470285
0.487881
0.487881
0.490639
0.486721
0.486721
0.490297
0.501608
0.501608
0.492225
0.29851
0.298222
0.30358
0.303697
0.312396
0.300608
0.301947
0.308855
0.302966
0.299045
0.300196
0.299453
0.304712
0.305759
0.301945
0.306793
0.303363
0.313592
0.319009
0.301679
0.311773
0.318499
0.303166
0.311676
0.304378
0.311922
0.305051
0.323522
0.305751
0.307116
0.306962
0.308586
0.312745
0.330245
0.316703
0.337339
0.317072
0.314021
0.315329
0.316884
0.318492
0.346444
0.340318
0.331015
0.347365
0.343544
0.353974
0.361432
0.362183
0.335757
0.34117
0.370545
0.371197
0.345124
0.371797
0.373537
0.37574
0.364934
0.35957
0.385539
0.382604
0.377567
0.374962
0.374823
0.378009
0.391914
0.385658
0.422868
0.401713
0.426289
0.405436
0.432171
0.407767
0.407122
0.410936
0.412095
0.415885
0.451402
0.43128
0.429904
0.469544
0.446249
0.47011
0.467802
0.45675
0.469605
0.468696
0.469674
0.481524
0.461597
0.487313
0.471183
0.471183
0.496549
0.496276
0.496276
0.496923
0.499014
0.499014
0.492765
0.303823
0.304298
0.30634
0.306492
0.305525
0.303297
0.306633
0.307038
0.307149
0.304975
0.304687
0.3058
0.308501
0.309113
0.305189
0.304645
0.309438
0.310182
0.308618
0.309549
0.311518
0.30893
0.310153
0.313353
0.311215
0.31095
0.312382
0.313268
0.313887
0.316611
0.316836
0.31713
0.316428
0.322881
0.324084
0.322331
0.322163
0.326561
0.326999
0.32867
0.332048
0.331179
0.334912
0.3317
0.332718
0.34175
0.336341
0.33959
0.339923
0.349434
0.348146
0.347745
0.348259
0.362128
0.352434
0.367705
0.356555
0.356931
0.36747
0.383829
0.388351
0.387033
0.384692
0.383012
0.383921
0.388445
0.396253
0.408386
0.411711
0.406326
0.405648
0.412645
0.426639
0.42507
0.427229
0.43104
0.434616
0.434407
0.441573
0.441515
0.44575
0.453209
0.448787
0.456031
0.463158
0.4563
0.455615
0.476133
0.471776
0.475578
0.480402
0.476352
0.476352
0.485584
0.490872
0.490872
0.490981
0.49142
0.49142
0.499202
0.319765
0.317969
0.300897
0.301409
0.295137
0.322864
0.306439
0.296543
0.305743
0.322432
0.324069
0.322159
0.30658
0.305594
0.325815
0.322465
0.313049
0.297599
0.300818
0.322965
0.300878
0.315193
0.329935
0.303409
0.331618
0.33394
0.331738
0.325378
0.331396
0.319747
0.325972
0.333673
0.34025
0.305627
0.30763
0.325504
0.34178
0.322583
0.327974
0.328261
0.313099
0.340059
0.327206
0.34292
0.360995
0.339057
0.362307
0.371644
0.371299
0.34138
0.356481
0.363442
0.366525
0.341198
0.374096
0.336483
0.358186
0.377074
0.397847
0.366806
0.390518
0.406085
0.40938
0.406205
0.406303
0.408936
0.380172
0.41062
0.395131
0.419517
0.400784
0.424757
0.422246
0.414614
0.430088
0.436592
0.441669
0.425697
0.444223
0.440465
0.442236
0.458369
0.449061
0.463796
0.46049
0.461688
0.4648
0.465632
0.468475
0.469759
0.467981
0.4888
0.4888
0.473859
0.487427
0.487427
0.494476
0.489461
0.489461
0.487965
0.298188
0.298829
0.307214
0.306972
0.312519
0.298245
0.304386
0.310702
0.304956
0.298433
0.298701
0.299066
0.306099
0.307115
0.300036
0.303894
0.304373
0.31427
0.317189
0.301967
0.313188
0.314563
0.302104
0.314224
0.302897
0.306677
0.303855
0.315993
0.305353
0.311942
0.310369
0.308903
0.307222
0.332642
0.330204
0.324724
0.31455
0.328537
0.327906
0.331144
0.341842
0.324852
0.333763
0.334548
0.32678
0.333555
0.33457
0.329552
0.333063
0.336127
0.328878
0.363594
0.365427
0.343356
0.374292
0.36198
0.383837
0.385287
0.383885
0.352776
0.36299
0.38051
0.393902
0.400842
0.401305
0.401209
0.388961
0.397888
0.391241
0.414248
0.404569
0.422116
0.419742
0.415465
0.427174
0.433004
0.43546
0.431575
0.442717
0.434269
0.450524
0.444738
0.452837
0.450141
0.459576
0.454072
0.453601
0.474303
0.475057
0.463616
0.468851
0.489135
0.489135
0.472469
0.493016
0.493016
0.497516
0.497554
0.497554
0.49461
0.316322
0.316364
0.308227
0.309089
0.297413
0.313334
0.313458
0.304935
0.313819
0.316754
0.315198
0.31777
0.315769
0.315517
0.313635
0.306376
0.319926
0.30842
0.298659
0.322432
0.31307
0.301278
0.323039
0.315731
0.324587
0.317328
0.326768
0.30906
0.328719
0.326302
0.329266
0.332168
0.332676
0.30641
0.31528
0.31668
0.337332
0.324711
0.327454
0.32637
0.314915
0.338651
0.332555
0.329283
0.342556
0.350577
0.336269
0.346861
0.340942
0.363158
0.361109
0.331717
0.333427
0.371778
0.342254
0.379908
0.368689
0.362868
0.358374
0.363663
0.354949
0.361193
0.379083
0.397545
0.401002
0.403702
0.38522
0.398709
0.386476
0.421742
0.390932
0.415414
0.432261
0.432882
0.419131
0.412429
0.417854
0.433903
0.422528
0.453331
0.429796
0.463429
0.447579
0.465366
0.443671
0.471141
0.4594
0.470466
0.471981
0.46738
0.477788
0.485476
0.485476
0.473297
0.491075
0.491075
0.494303
0.493391
0.493391
0.497113
