100
0.0001
0.015
100
1391.96
208794
0.282305
0.282414
0.281776
0.282172
0.28261
0.282575
0.281835
0.282135
0.28178
0.282072
0.28231
0.281929
0.281849
0.282182
0.282191
0.281705
0.282075
0.281661
0.282247
0.282025
0.282482
0.281643
0.282147
0.282034
0.281847
0.281704
0.28168
0.281947
0.281615
0.28174
0.282325
0.282228
0.282299
0.282303
0.282296
0.281794
0.281758
0.281845
0.281646
0.281453
0.281765
0.282214
0.281988
0.282077
0.282225
0.282231
0.281656
0.28193
0.282122
0.281799
0.281436
0.282162
0.281551
0.281557
0.281319
0.282061
0.281839
0.281663
0.282099
0.281806
0.282074
0.281444
0.282108
0.28209
0.281675
0.28209
0.28128
0.281196
0.281736
0.282053
0.281259
0.281271
0.281519
0.281774
0.281589
0.281688
0.281509
0.281425
0.281949
0.281425
0.281971
0.281609
0.281757
0.281188
0.281388
0.281208
0.281275
0.28118
0.281935
0.281542
0.281893
0.281819
0.281819
0.281823
0.281937
0.281937
0.281368
0.28137
0.28137
0.281763
0.283092
0.283288
0.283507
0.283163
0.283603
0.283618
0.283224
0.283571
0.283247
0.28356
0.282966
0.28345
0.28355
0.283061
0.283002
0.28319
0.28338
0.283123
0.283008
0.283352
0.283327
0.283114
0.283299
0.282849
0.282654
0.282889
0.283101
0.282893
0.282968
0.282882
0.282915
0.282915
0.283042
0.282976
0.2829
0.282339
0.282915
0.282923
0.282893
0.282392
0.282429
0.282361
0.282766
0.282055
0.282025
0.282273
0.282295
0.282561
0.282311
0.282448
0.2824
0.282533
0.281898
0.282367
0.281999
0.282502
0.282119
0.282416
0.281883
0.282185
0.282098
0.282463
0.28217
0.28217
0.282236
0.282395
0.281767
0.281965
0.282309
0.281696
0.281763
0.281596
0.281959
0.2821
0.281575
0.282164
0.281674
0.281786
0.281661
0.282128
0.281562
0.28201
0.28212
0.282026
0.281479
0.282053
0.281788
0.28146
0.281953
0.28209
0.281254
0.281943
0.281943
0.281949
0.281918
0.281918
0.281331
0.282038
0.282038
0.28167
0.284596
0.2847
0.284472
0.284341
0.284851
0.284621
0.285006
0.284979
0.284185
0.284276
0.284832
0.284873
0.284402
0.284733
0.284498
0.284535
0.284478
0.284653
0.283831
0.283869
0.28364
0.283731
0.283729
0.283672
0.284182
0.283541
0.284176
0.283739
0.283513
0.283951
0.283421
0.283499
0.283455
0.283621
0.283076
0.283692
0.283122
0.283487
0.283426
0.283122
0.283399
0.283421
0.28338
0.282772
0.283409
0.282758
0.282743
0.282654
0.28271
0.282646
0.283132
0.283093
0.282915
0.282452
0.282799
0.282773
0.282884
0.282242
0.282591
0.282602
0.282622
0.282768
0.282728
0.282333
0.282689
0.282123
0.282631
0.28265
0.282271
0.282533
0.282504
0.282115
0.282551
0.282464
0.282295
0.282252
0.282458
0.282355
0.281741
0.282399
0.282015
0.281706
0.281532
0.281708
0.282148
0.281988
0.281678
0.282288
0.281513
0.282126
0.282157
0.281776
0.281776
0.281878
0.281855
0.281855
0.281884
0.281521
0.281521
0.281986
0.285895
0.28607
0.28605
0.286053
0.28576
0.28575
0.285727
0.28561
0.285635
0.285871
0.285844
0.285807
0.285749
0.285482
0.285681
0.285203
0.285078
0.285526
0.285133
0.285357
0.284941
0.285058
0.284693
0.285182
0.285036
0.284859
0.284626
0.284831
0.284237
0.284484
0.28428
0.284463
0.284203
0.284398
0.283901
0.284042
0.284098
0.284258
0.283723
0.283941
0.283561
0.283503
0.284018
0.283512
0.28359
0.283669
0.283503
0.283711
0.283728
0.2837
0.283547
0.283236
0.283319
0.283025
0.283427
0.282944
0.283338
0.283296
0.282704
0.282606
0.282803
0.283163
0.283033
0.28297
0.283075
0.282972
0.282552
0.282263
0.282925
0.282778
0.282821
0.282534
0.282674
0.282548
0.282156
0.282718
0.282344
0.282122
0.282344
0.282581
0.281952
0.282084
0.281948
0.282449
0.282308
0.282463
0.281659
0.282287
0.281805
0.281604
0.281744
0.28166
0.28166
0.282269
0.282265
0.282265
0.28208
0.282077
0.282077
0.281747
0.287822
0.286892
0.287356
0.2866
0.28684
0.286762
0.287432
0.287629
0.286772
0.287476
0.286868
0.287421
0.287343
0.286295
0.287251
0.286118
0.28687
0.286274
0.285664
0.286516
0.286376
0.285857
0.285484
0.285452
0.285722
0.285834
0.285029
0.285036
0.285076
0.28557
0.285185
0.284863
0.284879
0.284565
0.285473
0.284422
0.284836
0.28429
0.284587
0.285047
0.284435
0.28433
0.284774
0.284302
0.28411
0.284365
0.284191
0.284163
0.283663
0.283623
0.283467
0.283555
0.283973
0.283508
0.284025
0.283325
0.283161
0.283685
0.28375
0.283693
0.283517
0.283305
0.283378
0.282808
0.282725
0.283258
0.283212
0.283286
0.282517
0.283232
0.282561
0.282652
0.28306
0.282534
0.282915
0.282774
0.282215
0.282882
0.282765
0.282826
0.282636
0.28267
0.282221
0.282363
0.282694
0.282695
0.282568
0.282198
0.281915
0.282059
0.282132
0.281996
0.281996
0.281814
0.282284
0.282284
0.282306
0.28225
0.28225
0.281694
0.288067
0.288014
0.288285
0.28831
0.288943
0.288473
0.288823
0.288733
0.288761
0.288361
0.288079
0.288446
0.28793
0.288354
0.287344
0.2873
0.288103
0.287126
0.287894
0.286922
0.287048
0.287436
0.287424
0.28655
0.28644
0.286982
0.28716
0.286715
0.287062
0.286711
0.286929
0.285777
0.285655
0.285685
0.285096
0.286017
0.285264
0.28551
0.285349
0.285778
0.284907
0.285765
0.285287
0.285242
0.284212
0.285027
0.284303
0.285165
0.284499
0.283979
0.284673
0.284496
0.284437
0.284505
0.283889
0.283472
0.283381
0.284014
0.283289
0.283484
0.283633
0.284193
0.284024
0.284015
0.283043
0.283087
0.282911
0.282921
0.283451
0.282856
0.283281
0.282746
0.283168
0.28347
0.283029
0.282657
0.282729
0.283073
0.282323
0.282338
0.282479
0.282896
0.282256
0.282256
0.282358
0.282613
0.282348
0.282094
0.282268
0.282681
0.282299
0.282205
0.282205
0.282574
0.282611
0.282611
0.282512
0.282302
0.282302
0.282082
0.290064
0.288929
0.288932
0.290202
0.290061
0.288937
0.28926
0.290474
0.288749
0.290464
0.288944
0.288326
0.290104
0.289032
0.288221
0.288145
0.287916
0.289039
0.287568
0.287948
0.287507
0.287494
0.287183
0.287998
0.286822
0.287318
0.288482
0.286759
0.287716
0.287494
0.286488
0.286737
0.287776
0.287724
0.287545
0.286681
0.285655
0.285877
0.287079
0.28512
0.286549
0.285586
0.286523
0.286039
0.284805
0.284692
0.285213
0.285243
0.285073
0.284356
0.285551
0.284251
0.284923
0.285053
0.283943
0.284304
0.284221
0.284051
0.283779
0.283523
0.284767
0.284687
0.284477
0.28459
0.283623
0.283155
0.284272
0.284271
0.282801
0.28334
0.283499
0.283075
0.283115
0.282677
0.282923
0.282761
0.282576
0.283691
0.283372
0.28345
0.282228
0.282344
0.2824
0.282306
0.283217
0.282379
0.282255
0.282309
0.282576
0.282312
0.282366
0.282604
0.282604
0.282047
0.282359
0.282359
0.282674
0.281988
0.281988
0.281786
0.291508
0.290949
0.290907
0.291028
0.291461
0.290729
0.29121
0.290786
0.29063
0.290958
0.290499
0.290794
0.29049
0.290016
0.290024
0.289896
0.289899
0.290035
0.289728
0.289617
0.28935
0.28931
0.289125
0.289084
0.289009
0.288922
0.288685
0.288698
0.288589
0.287999
0.287831
0.287722
0.28777
0.28809
0.286995
0.287137
0.287656
0.28685
0.287341
0.286673
0.286818
0.28639
0.286589
0.28591
0.286204
0.286379
0.286242
0.285656
0.285871
0.286
0.285201
0.285649
0.284952
0.285144
0.284839
0.285071
0.284666
0.284849
0.285029
0.284488
0.284354
0.284777
0.28418
0.284632
0.284624
0.284192
0.28428
0.283849
0.283829
0.283943
0.283995
0.283916
0.283778
0.283913
0.283294
0.283009
0.283519
0.282936
0.28353
0.283442
0.283398
0.282884
0.283382
0.283075
0.283041
0.282548
0.283001
0.282942
0.282726
0.28245
0.283021
0.282671
0.282671
0.2821
0.282249
0.282249
0.282762
0.282698
0.282698
0.282767
0.292218
0.293222
0.293314
0.292924
0.293195
0.291941
0.292921
0.292673
0.29277
0.291798
0.291552
0.292095
0.292327
0.291034
0.29197
0.290754
0.291041
0.291725
0.291346
0.290344
0.291202
0.290647
0.290813
0.290727
0.289646
0.290356
0.290017
0.290194
0.289464
0.289787
0.288986
0.289333
0.288075
0.288804
0.288938
0.287586
0.288294
0.288042
0.287388
0.287645
0.288054
0.28688
0.287556
0.286675
0.287137
0.286358
0.286361
0.286696
0.286653
0.286678
0.286304
0.28567
0.286336
0.285733
0.285681
0.285847
0.285306
0.285692
0.284831
0.284904
0.285316
0.285053
0.284779
0.284289
0.284451
0.284639
0.284187
0.284674
0.284547
0.284047
0.28376
0.283733
0.283903
0.283941
0.283801
0.283786
0.283298
0.283445
0.283393
0.283329
0.283405
0.283277
0.283319
0.283321
0.283315
0.283258
0.283103
0.283246
0.283244
0.283173
0.282712
0.282555
0.282555
0.282725
0.282857
0.282857
0.282665
0.282185
0.282185
0.282097
0.293682
0.293816
0.293406
0.293493
0.293859
0.293207
0.294509
0.293469
0.293158
0.294112
0.29389
0.29276
0.293049
0.292499
0.293421
0.292092
0.291942
0.291778
0.292026
0.291563
0.291317
0.291351
0.291381
0.291352
0.291148
0.291069
0.290817
0.290722
0.29044
0.290061
0.29003
0.290019
0.289591
0.289026
0.289544
0.288577
0.28887
0.288284
0.288983
0.288613
0.287636
0.288517
0.287614
0.287698
0.287109
0.287767
0.287069
0.287532
0.287511
0.28639
0.286522
0.286014
0.285867
0.28625
0.285588
0.286227
0.285321
0.285932
0.28599
0.285032
0.285392
0.285306
0.285458
0.285404
0.284546
0.284792
0.285096
0.284373
0.284146
0.284771
0.284154
0.284402
0.284484
0.283795
0.283695
0.284215
0.284089
0.284125
0.284121
0.283687
0.283136
0.283654
0.283762
0.283802
0.283845
0.28348
0.282589
0.282746
0.283566
0.283091
0.282442
0.283043
0.283043
0.282866
0.282349
0.282349
0.282993
0.282942
0.282942
0.28275
0.295289
0.295318
0.295163
0.295173
0.295602
0.295593
0.295007
0.295425
0.295073
0.295168
0.295157
0.294421
0.294108
0.294122
0.294267
0.293682
0.293672
0.29366
0.292985
0.293466
0.293187
0.292947
0.292965
0.292899
0.291689
0.291546
0.291725
0.291451
0.29156
0.291242
0.290955
0.290412
0.29068
0.290415
0.290191
0.289756
0.289587
0.289309
0.289289
0.288978
0.288676
0.288812
0.288748
0.288134
0.287962
0.287889
0.288208
0.287812
0.287844
0.287559
0.287055
0.287098
0.287213
0.286611
0.286492
0.286519
0.286397
0.286123
0.286076
0.286037
0.285832
0.285703
0.285647
0.285219
0.285312
0.285211
0.285154
0.285133
0.284739
0.284844
0.284601
0.284668
0.284481
0.284397
0.284343
0.284216
0.28413
0.28413
0.28399
0.283775
0.283855
0.283809
0.283541
0.283487
0.283586
0.283348
0.283485
0.283283
0.283236
0.283178
0.283237
0.283204
0.283204
0.283151
0.283188
0.283188
0.282478
0.283035
0.283035
0.282515
0.297819
0.296076
0.296309
0.296099
0.296602
0.295977
0.297466
0.297465
0.296676
0.29716
0.295231
0.296798
0.295009
0.296296
0.295635
0.295368
0.295578
0.294602
0.295189
0.29367
0.293928
0.293904
0.294185
0.293346
0.292857
0.293695
0.293401
0.292828
0.291633
0.291429
0.292288
0.291657
0.292105
0.290893
0.29157
0.290696
0.291255
0.290582
0.290663
0.290671
0.290193
0.289694
0.289059
0.289097
0.288165
0.288502
0.288888
0.288731
0.287928
0.288603
0.287202
0.288211
0.286985
0.286794
0.286641
0.286687
0.286386
0.286567
0.286753
0.286342
0.285985
0.286455
0.286291
0.285614
0.285856
0.285455
0.285744
0.285312
0.285099
0.285334
0.284881
0.284678
0.284996
0.28477
0.28498
0.284845
0.284719
0.283951
0.284438
0.28452
0.283852
0.284426
0.283558
0.283442
0.283802
0.283952
0.283276
0.283846
0.283957
0.283871
0.283438
0.283874
0.283874
0.282376
0.282445
0.282445
0.283563
0.282385
0.282385
0.282321
0.298322
0.298911
0.297795
0.298123
0.297737
0.297327
0.29774
0.297554
0.297512
0.296998
0.298231
0.298036
0.296684
0.296125
0.296526
0.297081
0.296781
0.295994
0.296487
0.29642
0.295198
0.294454
0.294474
0.294073
0.295116
0.294425
0.294204
0.293061
0.292265
0.291991
0.291809
0.291486
0.292323
0.292836
0.293013
0.291136
0.291875
0.29037
0.291898
0.291652
0.29114
0.290003
0.290441
0.288854
0.288635
0.288892
0.289545
0.289748
0.287967
0.2888
0.288968
0.288736
0.288633
0.28843
0.28789
0.288282
0.287138
0.287131
0.287592
0.286748
0.286895
0.286292
0.285888
0.286346
0.286722
0.285343
0.285517
0.285566
0.285437
0.285844
0.284895
0.285774
0.284733
0.285579
0.284367
0.284349
0.285036
0.285002
0.284431
0.284584
0.283882
0.283894
0.284597
0.284618
0.284002
0.283366
0.283298
0.283979
0.283375
0.283115
0.283033
0.283386
0.283386
0.283109
0.283323
0.283323
0.282795
0.282706
0.282706
0.282921
0.297176
0.301479
0.297626
0.300015
0.298399
0.297557
0.300772
0.299826
0.2986
0.297131
0.300689
0.296799
0.300609
0.295834
0.295431
0.297596
0.295339
0.298646
0.296349
0.29484
0.29654
0.295175
0.298057
0.29747
0.294227
0.29572
0.2941
0.296363
0.29242
0.292346
0.29309
0.294085
0.295165
0.294169
0.293107
0.293086
0.291048
0.290947
0.293204
0.290345
0.290099
0.289787
0.289286
0.289302
0.290503
0.289266
0.291055
0.288976
0.289596
0.287979
0.287714
0.289581
0.287549
0.288678
0.288855
0.289179
0.288637
0.28652
0.286439
0.287787
0.286356
0.286005
0.287702
0.286477
0.287535
0.285575
0.285615
0.285754
0.286245
0.285222
0.28485
0.284875
0.285003
0.284708
0.28571
0.284578
0.285008
0.284913
0.284569
0.285187
0.285097
0.284987
0.283413
0.283517
0.283498
0.283616
0.28361
0.283407
0.284261
0.283211
0.283492
0.283497
0.283497
0.283203
0.28348
0.28348
0.28311
0.283434
0.283434
0.283224
0.301276
0.300859
0.301521
0.301297
0.301042
0.300683
0.301499
0.301071
0.300645
0.300538
0.300744
0.300398
0.300309
0.299451
0.29997
0.298508
0.298933
0.299115
0.298656
0.298681
0.297613
0.298156
0.296851
0.297666
0.296699
0.296349
0.297064
0.2964
0.294496
0.294998
0.294222
0.293994
0.294397
0.29306
0.292861
0.292478
0.293787
0.293487
0.292594
0.292919
0.291231
0.292388
0.29112
0.290463
0.290881
0.290293
0.290095
0.290835
0.289758
0.290197
0.289386
0.289314
0.289579
0.288456
0.288342
0.288926
0.288499
0.288245
0.28815
0.287194
0.287162
0.287206
0.287372
0.28722
0.287047
0.28642
0.286036
0.286704
0.285713
0.28565
0.28636
0.286474
0.285998
0.286341
0.284871
0.285646
0.285085
0.284399
0.284785
0.285286
0.284092
0.284071
0.284091
0.284411
0.283849
0.283822
0.284414
0.283689
0.28397
0.283722
0.283764
0.283653
0.283653
0.283526
0.283478
0.283478
0.283415
0.283461
0.283461
0.282995
0.303211
0.303428
0.302532
0.303288
0.30292
0.302065
0.301926
0.302364
0.302353
0.301732
0.301531
0.301957
0.30049
0.300305
0.30125
0.300597
0.300177
0.2994
0.299154
0.299462
0.298987
0.298209
0.298011
0.297892
0.297449
0.297524
0.29691
0.296935
0.296732
0.295907
0.29568
0.295614
0.295547
0.294791
0.294855
0.293988
0.29439
0.293219
0.293778
0.293268
0.293082
0.292244
0.292488
0.292089
0.291506
0.291792
0.291735
0.290181
0.290397
0.290981
0.290862
0.289859
0.289809
0.288884
0.290231
0.289431
0.289713
0.288231
0.288902
0.287513
0.288996
0.288612
0.287645
0.286738
0.287883
0.287131
0.286167
0.28626
0.287015
0.285943
0.286726
0.286621
0.286673
0.285168
0.285513
0.285627
0.285868
0.284889
0.284708
0.285006
0.28533
0.285337
0.285482
0.283935
0.284184
0.283905
0.284184
0.284687
0.283568
0.283681
0.284354
0.283941
0.283941
0.283217
0.283737
0.283737
0.283761
0.282969
0.282969
0.283782
0.305356
0.302716
0.305425
0.304098
0.304027
0.303019
0.305065
0.304803
0.302176
0.30213
0.301612
0.301413
0.301424
0.303223
0.302324
0.302931
0.300607
0.300344
0.301514
0.300635
0.301464
0.29902
0.300744
0.297592
0.299543
0.299344
0.299248
0.296196
0.297443
0.297952
0.29544
0.297475
0.295691
0.296748
0.29454
0.295168
0.294898
0.294924
0.294617
0.292625
0.294919
0.294604
0.293885
0.291977
0.292255
0.292692
0.290804
0.290261
0.289976
0.291349
0.289582
0.289132
0.291199
0.289321
0.288881
0.288639
0.290185
0.290097
0.287787
0.28904
0.289724
0.287261
0.287393
0.288795
0.287497
0.287378
0.286572
0.287943
0.286111
0.28702
0.286473
0.286972
0.285508
0.285889
0.285411
0.286332
0.286107
0.285088
0.284953
0.285644
0.285175
0.284726
0.285337
0.28411
0.284909
0.284324
0.284866
0.284256
0.283947
0.283797
0.284415
0.283663
0.283663
0.284253
0.28331
0.28331
0.283979
0.283805
0.283805
0.283964
0.307051
0.305154
0.302906
0.308575
0.304791
0.306737
0.302089
0.304848
0.304748
0.301603
0.305424
0.305841
0.300674
0.302454
0.303923
0.300776
0.305448
0.301526
0.30128
0.304735
0.303881
0.299269
0.297722
0.300113
0.297521
0.297041
0.300774
0.297854
0.297619
0.299627
0.29584
0.295493
0.29775
0.29442
0.297435
0.29816
0.294477
0.293639
0.297388
0.297127
0.296482
0.293955
0.291305
0.291244
0.294564
0.290983
0.291618
0.29348
0.290026
0.292704
0.293425
0.290734
0.289551
0.289166
0.290371
0.28975
0.288227
0.29038
0.289324
0.28865
0.288158
0.287937
0.289225
0.287783
0.28711
0.287264
0.288069
0.287625
0.287943
0.287688
0.286296
0.286001
0.285773
0.287041
0.28563
0.286445
0.285512
0.286403
0.285199
0.285384
0.285418
0.285142
0.285326
0.285329
0.284458
0.284487
0.284874
0.284373
0.284649
0.284648
0.28403
0.284244
0.284244
0.28389
0.284157
0.284157
0.283504
0.283867
0.283867
0.28387
0.307705
0.306272
0.306145
0.307637
0.306672
0.307366
0.306013
0.307168
0.305284
0.306338
0.305212
0.305397
0.304776
0.305277
0.305441
0.304676
0.305004
0.303447
0.304025
0.302114
0.302315
0.302061
0.301696
0.302162
0.301126
0.301371
0.299799
0.300335
0.299281
0.299843
0.297799
0.299608
0.297657
0.297665
0.297708
0.297432
0.297034
0.296139
0.296164
0.296658
0.295648
0.294617
0.294108
0.293216
0.293481
0.294728
0.292367
0.293648
0.291485
0.291502
0.291177
0.29135
0.290663
0.29207
0.29156
0.290543
0.290279
0.289448
0.288809
0.288755
0.288598
0.289874
0.288725
0.287654
0.287616
0.289024
0.288466
0.28809
0.286895
0.2869
0.286796
0.286835
0.287479
0.287086
0.28697
0.28719
0.286556
0.285478
0.285527
0.286259
0.285254
0.285083
0.285807
0.284826
0.284859
0.285303
0.285034
0.284324
0.284403
0.284424
0.284386
0.284207
0.284207
0.284178
0.28411
0.28411
0.283872
0.283885
0.283885
0.283773
0.309046
0.307239
0.308113
0.307797
0.306898
0.306796
0.307945
0.306526
0.308519
0.307525
0.306891
0.307604
0.305952
0.30517
0.305217
0.305326
0.305783
0.304999
0.304561
0.303162
0.304431
0.302948
0.302607
0.303208
0.303136
0.302257
0.300607
0.301136
0.300141
0.299596
0.30001
0.298963
0.299623
0.298571
0.298718
0.298582
0.296858
0.297977
0.296069
0.297489
0.296726
0.295857
0.294014
0.294793
0.294211
0.29346
0.29455
0.294501
0.293566
0.291944
0.292108
0.292865
0.291588
0.291896
0.290943
0.292061
0.289756
0.290355
0.289783
0.290053
0.289568
0.290159
0.289906
0.289067
0.289475
0.289115
0.288085
0.288598
0.288169
0.287839
0.288051
0.287053
0.287461
0.287371
0.286979
0.287504
0.285703
0.285547
0.286449
0.285479
0.2857
0.285829
0.286087
0.285292
0.286076
0.284525
0.28576
0.285774
0.28422
0.285185
0.284338
0.283794
0.283794
0.283953
0.283853
0.283853
0.283508
0.283638
0.283638
0.283528
0.311322
0.307837
0.310649
0.307772
0.311101
0.310785
0.307341
0.307732
0.310467
0.310486
0.306433
0.306182
0.30957
0.307676
0.30491
0.307769
0.308123
0.307993
0.3083
0.306753
0.302305
0.304856
0.303423
0.303563
0.302594
0.3013
0.302372
0.303634
0.301207
0.299161
0.298252
0.298426
0.300719
0.297604
0.297975
0.297663
0.296995
0.297715
0.2977
0.295513
0.296548
0.295966
0.297054
0.295493
0.296243
0.296142
0.293693
0.293058
0.293027
0.294482
0.293004
0.292573
0.29367
0.292023
0.291705
0.290776
0.29214
0.291789
0.290826
0.29073
0.291201
0.289561
0.289314
0.289996
0.289116
0.288977
0.289748
0.287992
0.287696
0.287872
0.287703
0.287946
0.287248
0.287023
0.287043
0.286818
0.286671
0.286805
0.286474
0.286534
0.286613
0.285547
0.285665
0.285568
0.2858
0.286021
0.285315
0.284628
0.28509
0.284413
0.284674
0.284473
0.284473
0.284606
0.28415
0.28415
0.28443
0.283765
0.283765
0.283924
0.308246
0.310628
0.312684
0.312029
0.30773
0.312517
0.307838
0.308223
0.30798
0.311852
0.307304
0.308223
0.306611
0.31081
0.305645
0.309609
0.30602
0.309627
0.306996
0.308828
0.304598
0.305398
0.307975
0.303997
0.302813
0.304544
0.30154
0.30072
0.300541
0.300272
0.300719
0.301013
0.299422
0.301771
0.301362
0.30125
0.29756
0.298422
0.29972
0.298596
0.29729
0.297168
0.295755
0.295401
0.295697
0.296689
0.294633
0.293852
0.294367
0.293478
0.294791
0.294171
0.292281
0.294074
0.292543
0.292153
0.29179
0.293386
0.290623
0.292431
0.289186
0.292032
0.291822
0.28871
0.289086
0.288865
0.288039
0.288399
0.289857
0.287344
0.28867
0.288429
0.28705
0.286585
0.287668
0.28673
0.287306
0.286677
0.287076
0.286863
0.286639
0.285231
0.28591
0.286511
0.284872
0.285597
0.285998
0.284764
0.284539
0.285131
0.284606
0.28475
0.28475
0.283998
0.284325
0.284325
0.284285
0.284042
0.284042
0.283756
0.31372
0.31329
0.313476
0.310929
0.310557
0.313077
0.312198
0.309852
0.312464
0.309503
0.309335
0.311803
0.311422
0.31003
0.308819
0.309195
0.307525
0.309238
0.308932
0.306637
0.306163
0.308297
0.304954
0.304884
0.304998
0.306116
0.305214
0.303131
0.30391
0.303566
0.302596
0.301567
0.30148
0.301918
0.300882
0.30045
0.300244
0.299576
0.299676
0.298918
0.298387
0.298431
0.297221
0.296968
0.297072
0.295955
0.296647
0.295271
0.295411
0.294582
0.294323
0.294199
0.293681
0.293433
0.293282
0.29289
0.292255
0.292302
0.291685
0.291997
0.291771
0.291156
0.291375
0.290765
0.289504
0.290162
0.289588
0.290311
0.288933
0.288146
0.288565
0.289568
0.2878
0.28918
0.286832
0.286656
0.28695
0.288087
0.286063
0.286418
0.286698
0.28715
0.285599
0.286105
0.285119
0.285504
0.285514
0.285021
0.285154
0.285807
0.285143
0.285251
0.285251
0.284795
0.285028
0.285028
0.28491
0.283578
0.283578
0.284937
0.312012
0.31521
0.312127
0.314829
0.311435
0.311834
0.314078
0.313935
0.311584
0.311311
0.313574
0.312993
0.311494
0.309315
0.311044
0.309772
0.308723
0.308548
0.30897
0.308287
0.309089
0.308238
0.307536
0.307302
0.305677
0.306466
0.305086
0.304938
0.30525
0.304188
0.303926
0.303017
0.303012
0.302338
0.301733
0.301959
0.301181
0.300722
0.299545
0.29968
0.299821
0.299038
0.298965
0.297846
0.298458
0.29731
0.295769
0.296486
0.29698
0.296457
0.29582
0.293988
0.293948
0.293491
0.293591
0.293325
0.29336
0.292752
0.292634
0.291883
0.29248
0.292205
0.291065
0.290145
0.290251
0.290054
0.289943
0.28965
0.289844
0.289791
0.289754
0.289573
0.289316
0.287362
0.287487
0.287761
0.288255
0.288155
0.286493
0.286707
0.287341
0.286431
0.2872
0.287371
0.28513
0.286248
0.286592
0.28493
0.284613
0.284576
0.285068
0.284578
0.284578
0.284855
0.284225
0.284225
0.285144
0.28386
0.28386
0.284428
0.315207
0.316294
0.313541
0.3164
0.314934
0.311885
0.312234
0.311257
0.31489
0.312315
0.314986
0.310429
0.313647
0.313381
0.310297
0.311036
0.30956
0.311732
0.309274
0.307918
0.308337
0.307071
0.311271
0.309337
0.305166
0.304164
0.305313
0.303946
0.303913
0.306838
0.302698
0.306277
0.30622
0.304666
0.305437
0.30463
0.303279
0.303893
0.298402
0.300591
0.302602
0.297276
0.29819
0.301202
0.299274
0.298589
0.298054
0.297881
0.293787
0.294855
0.296132
0.296955
0.295316
0.292799
0.293649
0.295142
0.296289
0.295911
0.292306
0.290038
0.292869
0.289742
0.293814
0.289319
0.292227
0.292038
0.288231
0.28803
0.287831
0.291753
0.289561
0.287183
0.28826
0.28706
0.287845
0.286942
0.287784
0.287731
0.28914
0.286181
0.287266
0.285796
0.287581
0.288247
0.284689
0.285164
0.284646
0.286887
0.286377
0.284221
0.28593
0.284087
0.284087
0.284262
0.284212
0.284212
0.285448
0.285152
0.285152
0.28371
0.317365
0.314381
0.317318
0.314799
0.31659
0.315097
0.315108
0.31324
0.314404
0.314111
0.312911
0.312673
0.312606
0.313852
0.313885
0.312658
0.31341
0.31311
0.31172
0.309862
0.310622
0.309086
0.308267
0.309599
0.308566
0.307471
0.306784
0.306441
0.307272
0.306083
0.30562
0.304225
0.30568
0.303283
0.303687
0.303511
0.302687
0.302882
0.302888
0.301962
0.300408
0.300882
0.299078
0.298655
0.299628
0.298058
0.298411
0.297908
0.2979
0.29636
0.296171
0.295986
0.295947
0.295079
0.294748
0.294559
0.29392
0.293837
0.293169
0.293244
0.29268
0.292466
0.292096
0.291631
0.291526
0.290914
0.290808
0.290452
0.290261
0.290116
0.289626
0.289427
0.289232
0.288963
0.288727
0.288635
0.28801
0.288106
0.288022
0.287302
0.287603
0.287527
0.287627
0.286372
0.287283
0.285755
0.286732
0.286467
0.28672
0.286394
0.286667
0.284482
0.284482
0.284568
0.284536
0.284536
0.285482
0.284841
0.284841
0.284035
0.316591
0.314834
0.314994
0.31588
0.316103
0.314493
0.314293
0.316468
0.316674
0.315471
0.313719
0.316742
0.3146
0.312584
0.312644
0.312368
0.312946
0.313739
0.314109
0.309977
0.313615
0.308905
0.310962
0.309917
0.311548
0.310636
0.310306
0.307673
0.30823
0.305422
0.308359
0.306136
0.305214
0.30571
0.305436
0.303223
0.303705
0.301932
0.304074
0.300705
0.302586
0.299867
0.302222
0.299135
0.298872
0.297523
0.29881
0.300037
0.297523
0.298147
0.297019
0.29852
0.296631
0.297766
0.293506
0.297666
0.296719
0.292648
0.293007
0.294036
0.2907
0.290672
0.293833
0.29049
0.292067
0.293145
0.293609
0.293583
0.287844
0.292523
0.291114
0.29049
0.289475
0.287632
0.28707
0.290891
0.288011
0.285945
0.288897
0.287714
0.286863
0.289055
0.285236
0.287402
0.287362
0.285695
0.288512
0.284259
0.286274
0.284365
0.285006
0.284783
0.284783
0.284057
0.283898
0.283898
0.286057
0.283442
0.283442
0.283863
0.320036
0.318543
0.316226
0.31757
0.319376
0.317207
0.319261
0.318005
0.317869
0.31866
0.314372
0.314028
0.316024
0.316969
0.313324
0.312345
0.314495
0.316002
0.312364
0.312175
0.313371
0.314126
0.311429
0.31077
0.313515
0.308564
0.312762
0.312207
0.305582
0.307701
0.305412
0.3096
0.304897
0.30854
0.307492
0.302808
0.306994
0.302861
0.30347
0.302109
0.300597
0.303185
0.301287
0.300092
0.301646
0.301578
0.299201
0.296689
0.29736
0.297095
0.297902
0.29631
0.298257
0.29442
0.295166
0.296365
0.293588
0.294869
0.294317
0.294797
0.294404
0.292222
0.292372
0.291827
0.291677
0.290879
0.292597
0.290239
0.289971
0.290125
0.290276
0.290477
0.28922
0.289221
0.28927
0.289047
0.288634
0.288765
0.288321
0.288212
0.28786
0.287585
0.287765
0.287764
0.286713
0.287382
0.287407
0.287198
0.286239
0.286787
0.285009
0.285326
0.285326
0.285816
0.286197
0.286197
0.284983
0.285002
0.285002
0.283844
0.318585
0.319336
0.318733
0.318874
0.318955
0.318708
0.31797
0.318521
0.317713
0.317295
0.317078
0.317422
0.317097
0.317142
0.316416
0.315846
0.314836
0.31433
0.314007
0.313767
0.314307
0.312849
0.313168
0.312419
0.310941
0.310895
0.310558
0.309868
0.309233
0.308679
0.30849
0.307816
0.30707
0.306457
0.306993
0.306441
0.305995
0.30551
0.303796
0.305062
0.302353
0.303907
0.300629
0.302764
0.301768
0.302288
0.299363
0.298245
0.300122
0.298208
0.297786
0.297662
0.296887
0.296155
0.297644
0.29636
0.296918
0.295368
0.295271
0.296083
0.295518
0.294419
0.295212
0.291541
0.292007
0.291127
0.290972
0.291346
0.291984
0.290315
0.291256
0.291426
0.291071
0.288727
0.289929
0.29063
0.287659
0.287922
0.288184
0.287302
0.288957
0.289157
0.288922
0.286085
0.288189
0.285969
0.287924
0.28637
0.285887
0.286577
0.285006
0.285028
0.285028
0.285393
0.285024
0.285024
0.284999
0.284665
0.284665
0.285075
0.32025
0.32195
0.321228
0.321719
0.32172
0.319996
0.319739
0.321296
0.317357
0.320407
0.316417
0.320226
0.315539
0.318612
0.319369
0.316058
0.317005
0.315536
0.317319
0.313245
0.314005
0.31539
0.314059
0.315312
0.313654
0.311156
0.311818
0.309808
0.310775
0.311646
0.307632
0.310747
0.310299
0.306394
0.305581
0.308445
0.306035
0.30585
0.304819
0.302835
0.30329
0.302161
0.302839
0.303402
0.300808
0.302419
0.301785
0.2994
0.299432
0.298993
0.299991
0.29762
0.29792
0.297247
0.297167
0.295965
0.296542
0.296686
0.29455
0.295197
0.294993
0.294521
0.29454
0.293185
0.292756
0.293418
0.291279
0.292734
0.292247
0.292446
0.291623
0.289718
0.291482
0.291309
0.289178
0.289442
0.289016
0.28853
0.289511
0.288852
0.287786
0.287934
0.287452
0.287529
0.287521
0.28723
0.287153
0.286763
0.286661
0.286635
0.286621
0.285667
0.285667
0.285833
0.285716
0.285716
0.285491
0.285541
0.285541
0.285008
0.321071
0.321184
0.320663
0.320449
0.320471
0.320503
0.32003
0.319844
0.319557
0.3195
0.319526
0.319205
0.318471
0.318407
0.317887
0.317617
0.317072
0.316688
0.316536
0.316393
0.31621
0.3157
0.315069
0.313347
0.314006
0.312887
0.311812
0.311532
0.311906
0.310803
0.310172
0.309022
0.310181
0.310009
0.308727
0.309209
0.307568
0.305692
0.307793
0.305704
0.303326
0.305743
0.30466
0.301696
0.303478
0.302706
0.299915
0.299987
0.302399
0.301112
0.299606
0.298502
0.298763
0.299162
0.298937
0.298997
0.29812
0.295534
0.295513
0.297337
0.295695
0.295662
0.293249
0.292874
0.29519
0.294599
0.294417
0.291521
0.290829
0.292021
0.2927
0.292264
0.291562
0.289262
0.291347
0.289343
0.289263
0.288851
0.289025
0.290138
0.287135
0.287346
0.289358
0.288517
0.287684
0.286609
0.28764
0.288679
0.28672
0.287088
0.285153
0.284795
0.284795
0.286959
0.286745
0.286745
0.284244
0.284869
0.284869
0.284411
0.322038
0.322052
0.321937
0.322535
0.320863
0.320295
0.322278
0.32041
0.319671
0.319555
0.319338
0.319203
0.319186
0.31869
0.31824
0.317726
0.317745
0.317861
0.317302
0.317746
0.315636
0.31548
0.316089
0.315117
0.314606
0.313599
0.313394
0.313727
0.31341
0.31286
0.312321
0.310088
0.310794
0.308636
0.31002
0.308579
0.307491
0.305998
0.307196
0.306237
0.305417
0.30633
0.304844
0.303081
0.30231
0.303956
0.301944
0.302427
0.30189
0.299507
0.30095
0.298767
0.299983
0.297801
0.298191
0.297272
0.29778
0.297334
0.296838
0.296189
0.294828
0.295496
0.296159
0.294144
0.294436
0.29393
0.294098
0.294094
0.290963
0.293659
0.291711
0.291832
0.290858
0.289539
0.290383
0.288943
0.288858
0.289894
0.289754
0.288586
0.287819
0.289015
0.288953
0.288905
0.289095
0.286742
0.287993
0.28824
0.287005
0.285808
0.286598
0.28536
0.28536
0.285866
0.285602
0.285602
0.285278
0.285685
0.285685
0.284803
0.321163
0.325028
0.323059
0.321082
0.324354
0.323649
0.324484
0.319192
0.323819
0.322679
0.320188
0.320763
0.323188
0.320485
0.320871
0.317131
0.321772
0.318585
0.315162
0.320648
0.316035
0.319837
0.319724
0.319393
0.315438
0.312492
0.313724
0.315248
0.308915
0.315208
0.31203
0.315034
0.314927
0.306071
0.305123
0.313592
0.303467
0.313149
0.312637
0.311597
0.309132
0.310897
0.309628
0.309548
0.298999
0.301389
0.299279
0.302184
0.303352
0.303177
0.30557
0.304172
0.305413
0.303277
0.302231
0.297624
0.293881
0.293473
0.292687
0.297196
0.297089
0.300752
0.292002
0.290511
0.291143
0.293283
0.289409
0.293782
0.289337
0.289076
0.290187
0.288527
0.288582
0.289138
0.288538
0.289571
0.292046
0.290595
0.29048
0.291503
0.28751
0.286512
0.286776
0.290188
0.285765
0.289688
0.290234
0.286521
0.28612
0.28679
0.284651
0.286223
0.286223
0.284462
0.285919
0.285919
0.28442
0.284374
0.284374
0.285925
0.323065
0.326637
0.325925
0.32605
0.32591
0.32565
0.325668
0.326015
0.318234
0.326219
0.318934
0.325567
0.317112
0.32511
0.323059
0.320562
0.317814
0.322731
0.314462
0.320075
0.321436
0.317026
0.319652
0.320174
0.315539
0.318893
0.315642
0.310505
0.318045
0.312757
0.310228
0.309725
0.309493
0.308326
0.312824
0.309293
0.305793
0.308038
0.305293
0.309018
0.310661
0.302785
0.309239
0.306416
0.308936
0.307954
0.299479
0.30289
0.306825
0.300107
0.299223
0.300133
0.302216
0.29721
0.297363
0.302149
0.299545
0.294512
0.296085
0.294053
0.299349
0.294486
0.295062
0.291938
0.297932
0.291181
0.2923
0.293646
0.290127
0.293341
0.291915
0.289707
0.292712
0.290126
0.289254
0.2909
0.291211
0.292248
0.288616
0.291711
0.289518
0.288297
0.28677
0.28734
0.286657
0.28732
0.287672
0.287706
0.288776
0.286513
0.285806
0.286298
0.286298
0.285891
0.285733
0.285733
0.285509
0.285834
0.285834
0.28589
0.3249
0.324805
0.324116
0.32427
0.323386
0.324
0.32441
0.324142
0.323437
0.322216
0.323567
0.323125
0.321466
0.321856
0.320751
0.320422
0.321258
0.32163
0.320217
0.319584
0.320737
0.318662
0.319555
0.316083
0.315383
0.317454
0.317506
0.317193
0.315713
0.314753
0.313453
0.314592
0.311773
0.312332
0.310807
0.309802
0.309246
0.308953
0.309078
0.308208
0.30772
0.308407
0.306887
0.305473
0.30509
0.305519
0.303914
0.304273
0.302863
0.302615
0.301864
0.301461
0.3016
0.30022
0.300165
0.300424
0.297781
0.298707
0.297731
0.297284
0.296845
0.2966
0.295015
0.295786
0.29648
0.296132
0.293192
0.293946
0.294634
0.292075
0.292635
0.293329
0.291164
0.290957
0.290945
0.290413
0.291569
0.290762
0.291123
0.290421
0.289564
0.289918
0.288154
0.289535
0.288075
0.287722
0.288539
0.288704
0.287974
0.28745
0.286274
0.286826
0.286826
0.28615
0.286923
0.286923
0.285824
0.28649
0.28649
0.284936
0.322234
0.322445
0.327688
0.326593
0.321688
0.326777
0.321319
0.322431
0.321966
0.320742
0.323251
0.322313
0.323171
0.325443
0.320026
0.319074
0.318675
0.318141
0.318655
0.320613
0.321155
0.320593
0.31865
0.315757
0.315855
0.314697
0.314877
0.315829
0.316634
0.317069
0.315795
0.315079
0.311375
0.314722
0.313904
0.311022
0.309061
0.311981
0.310198
0.307222
0.307129
0.306198
0.305346
0.306021
0.304939
0.304372
0.303288
0.304473
0.305766
0.305226
0.301331
0.30131
0.301128
0.29915
0.299381
0.298375
0.298419
0.298113
0.299482
0.29714
0.296975
0.296107
0.297001
0.295694
0.296578
0.294137
0.29372
0.293466
0.293436
0.292734
0.293422
0.29274
0.292102
0.292636
0.292041
0.29054
0.290695
0.291344
0.291514
0.289303
0.290869
0.289226
0.290247
0.289983
0.287373
0.28938
0.289736
0.28983
0.288262
0.285711
0.286596
0.285862
0.285862
0.286158
0.285425
0.285425
0.286062
0.285317
0.285317
0.28512
0.324688
0.327404
0.323918
0.326653
0.323919
0.32625
0.324308
0.326774
0.325987
0.325679
0.325791
0.323
0.321751
0.321422
0.323899
0.322328
0.32037
0.320289
0.323054
0.321121
0.321874
0.322102
0.320505
0.318471
0.320016
0.318999
0.315107
0.317877
0.31803
0.314162
0.317321
0.31599
0.314736
0.311858
0.311732
0.311843
0.312733
0.309523
0.308956
0.308743
0.308678
0.310423
0.307945
0.306332
0.30823
0.30749
0.304625
0.304157
0.303754
0.304088
0.302644
0.303878
0.301908
0.300706
0.300403
0.301421
0.299902
0.29885
0.298891
0.29882
0.298047
0.298333
0.297656
0.296245
0.295776
0.295716
0.295233
0.294746
0.294774
0.294151
0.293523
0.293339
0.292727
0.292416
0.292355
0.292131
0.291845
0.291386
0.290409
0.290914
0.29079
0.289137
0.289004
0.289106
0.28939
0.288614
0.289073
0.289045
0.288637
0.288828
0.286781
0.287908
0.287908
0.285848
0.287186
0.287186
0.285445
0.286339
0.286339
0.285348
0.328556
0.323878
0.328426
0.323342
0.326848
0.328017
0.326421
0.324918
0.322835
0.324424
0.326499
0.325402
0.321784
0.322564
0.321454
0.323891
0.324743
0.320659
0.324601
0.319135
0.321498
0.3183
0.317844
0.31762
0.319522
0.316565
0.320605
0.315702
0.319359
0.31584
0.317694
0.314968
0.312536
0.311806
0.313356
0.311296
0.310467
0.312797
0.309777
0.311528
0.311626
0.308099
0.309538
0.306737
0.306132
0.306475
0.305127
0.30538
0.306717
0.302864
0.302671
0.302787
0.304151
0.301965
0.300351
0.299685
0.302013
0.298214
0.300889
0.298345
0.297538
0.299071
0.298567
0.298231
0.297091
0.295016
0.296295
0.294377
0.295183
0.293489
0.293152
0.294431
0.292083
0.292818
0.293183
0.293426
0.290557
0.290185
0.290308
0.29004
0.290452
0.290594
0.290218
0.288668
0.28996
0.288537
0.288513
0.289185
0.287453
0.288062
0.287892
0.287115
0.287115
0.286681
0.287286
0.287286
0.286784
0.286615
0.286615
0.28685
0.325252
0.327551
0.328663
0.325259
0.325285
0.324866
0.326518
0.327538
0.32582
0.323997
0.326756
0.32433
0.325583
0.326191
0.325701
0.322078
0.325917
0.321252
0.323945
0.323412
0.322743
0.320911
0.319262
0.318786
0.317865
0.321824
0.317783
0.318739
0.320144
0.319198
0.31448
0.318171
0.315419
0.312893
0.316785
0.315662
0.315422
0.315438
0.310335
0.313596
0.308911
0.308254
0.310332
0.310228
0.310232
0.305655
0.305821
0.308498
0.304665
0.305728
0.30318
0.302654
0.303983
0.304505
0.300961
0.299974
0.300602
0.301738
0.300487
0.30028
0.299652
0.297078
0.2995
0.297312
0.296539
0.29595
0.297602
0.296486
0.296731
0.293149
0.293936
0.292529
0.292581
0.292448
0.293299
0.292276
0.291834
0.292053
0.292101
0.290115
0.291472
0.289471
0.289184
0.289132
0.289515
0.289745
0.288729
0.289156
0.28855
0.289086
0.28698
0.287185
0.287185
0.287743
0.288034
0.288034
0.2857
0.285916
0.285916
0.286518
0.327582
0.328611
0.328362
0.326964
0.326499
0.327241
0.326591
0.326032
0.327708
0.325616
0.326702
0.325131
0.326665
0.324302
0.324712
0.325259
0.32501
0.323188
0.323029
0.32398
0.322779
0.323085
0.322769
0.320194
0.319863
0.320784
0.321248
0.319743
0.318178
0.319106
0.316578
0.316607
0.316622
0.316231
0.317235
0.314644
0.312345
0.312445
0.311947
0.313602
0.311842
0.311181
0.311507
0.308847
0.310981
0.307738
0.308907
0.306213
0.306317
0.304848
0.306383
0.304963
0.304539
0.305374
0.303714
0.301569
0.301312
0.29961
0.300261
0.29837
0.29924
0.299179
0.297638
0.298642
0.297269
0.296375
0.295713
0.295544
0.296482
0.296206
0.293952
0.293368
0.292963
0.293697
0.293078
0.292483
0.292972
0.292573
0.291333
0.290329
0.290698
0.291265
0.291141
0.288883
0.288756
0.28882
0.289611
0.289286
0.289428
0.287656
0.288015
0.28724
0.28724
0.287206
0.287381
0.287381
0.287398
0.286157
0.286157
0.286213
0.330708
0.331677
0.331589
0.329874
0.330183
0.33
0.328759
0.330604
0.326376
0.327204
0.327584
0.322964
0.326468
0.327267
0.329004
0.323803
0.321034
0.327011
0.324202
0.325842
0.319636
0.324
0.319752
0.324899
0.319382
0.323708
0.322725
0.323718
0.323198
0.3157
0.317324
0.319638
0.318058
0.312954
0.314063
0.316711
0.316115
0.310331
0.309839
0.310802
0.312365
0.309293
0.309546
0.309453
0.311023
0.311013
0.305619
0.305107
0.305881
0.306437
0.304517
0.306841
0.306259
0.304548
0.305659
0.304278
0.304877
0.299859
0.299053
0.302919
0.299191
0.297461
0.297683
0.297364
0.298739
0.296309
0.296107
0.297371
0.294792
0.294708
0.29496
0.294043
0.29479
0.293187
0.293216
0.293059
0.292667
0.292224
0.291909
0.291547
0.291188
0.291114
0.290514
0.290528
0.289732
0.289418
0.289393
0.289739
0.288296
0.288664
0.288512
0.288485
0.288485
0.288378
0.2886
0.2886
0.286356
0.287271
0.287271
0.285212
0.329527
0.328964
0.331194
0.329885
0.331229
0.326687
0.325175
0.325136
0.328175
0.329348
0.324239
0.325179
0.327856
0.328748
0.326084
0.329198
0.327689
0.323282
0.327981
0.328029
0.321064
0.323756
0.324218
0.31954
0.324589
0.322048
0.324823
0.324261
0.323456
0.317038
0.317536
0.317933
0.313654
0.314935
0.313232
0.319189
0.31358
0.316348
0.313111
0.311477
0.309808
0.31277
0.311582
0.307065
0.312556
0.308225
0.312223
0.309918
0.310878
0.306559
0.303062
0.303624
0.305345
0.307277
0.305964
0.304028
0.301457
0.302631
0.299234
0.301139
0.300739
0.30044
0.296557
0.296965
0.296505
0.299394
0.295436
0.298605
0.297851
0.297598
0.297223
0.293621
0.294713
0.296217
0.295677
0.292684
0.29043
0.295007
0.294076
0.289442
0.292474
0.293626
0.28837
0.288128
0.291027
0.288002
0.289273
0.289459
0.287966
0.287245
0.289354
0.289189
0.289189
0.286145
0.287098
0.287098
0.285951
0.286841
0.286841
0.28563
0.330268
0.330702
0.330176
0.330082
0.327631
0.329921
0.330075
0.329375
0.330128
0.32826
0.325998
0.32599
0.325699
0.327846
0.326373
0.325031
0.324924
0.324701
0.3262
0.326692
0.323151
0.322747
0.324512
0.325041
0.321281
0.320901
0.322675
0.322838
0.320953
0.321965
0.321585
0.31807
0.318761
0.31854
0.315884
0.316773
0.317548
0.315093
0.316349
0.314333
0.312186
0.314635
0.311584
0.312887
0.312076
0.310613
0.310902
0.307489
0.30797
0.307088
0.306826
0.306055
0.306171
0.304833
0.304426
0.304342
0.303095
0.303045
0.301878
0.301616
0.301445
0.30023
0.300207
0.298928
0.298764
0.298853
0.297407
0.296888
0.295891
0.29716
0.296126
0.296015
0.295043
0.294745
0.295132
0.294642
0.294259
0.292207
0.293624
0.29139
0.291615
0.290999
0.290323
0.290046
0.289958
0.290456
0.289303
0.289623
0.289773
0.289776
0.288229
0.289315
0.289315
0.289279
0.286239
0.286239
0.286394
0.287173
0.287173
0.286585
0.330343
0.329659
0.328891
0.329335
0.330429
0.32871
0.329879
0.329916
0.329882
0.32906
0.328117
0.328193
0.328066
0.327223
0.327639
0.328261
0.327464
0.327129
0.325902
0.327249
0.324486
0.324693
0.322848
0.323392
0.324969
0.323222
0.321363
0.323527
0.320849
0.322102
0.318595
0.32053
0.320473
0.321007
0.316475
0.316296
0.31717
0.318783
0.312468
0.316943
0.313257
0.316798
0.314431
0.309786
0.309275
0.313466
0.312489
0.30736
0.310814
0.310354
0.31029
0.30618
0.308983
0.306551
0.306045
0.304936
0.302264
0.30176
0.300994
0.300196
0.301298
0.302278
0.301926
0.297614
0.298713
0.300336
0.299074
0.295874
0.299177
0.294845
0.298223
0.297654
0.297065
0.293752
0.292875
0.294893
0.294357
0.294963
0.291043
0.290866
0.291791
0.292831
0.291432
0.291058
0.289224
0.29177
0.290765
0.291026
0.287457
0.288451
0.288063
0.288023
0.288023
0.286783
0.287015
0.287015
0.28777
0.287459
0.287459
0.286697
0.328731
0.328279
0.332127
0.331141
0.32793
0.330746
0.32805
0.331002
0.330784
0.329387
0.328681
0.330019
0.33072
0.330427
0.326449
0.326009
0.328034
0.32869
0.325118
0.327736
0.325361
0.326726
0.325157
0.324279
0.322751
0.324652
0.321949
0.322634
0.321693
0.321465
0.320431
0.320568
0.319184
0.319135
0.318427
0.317164
0.316388
0.316211
0.317082
0.31447
0.315653
0.315215
0.314393
0.31321
0.313176
0.311062
0.31113
0.309281
0.311078
0.308643
0.306794
0.309668
0.309252
0.308233
0.303457
0.306026
0.304758
0.301843
0.301151
0.299156
0.298643
0.299124
0.297691
0.297034
0.299684
0.300881
0.298841
0.300065
0.300211
0.293032
0.297047
0.292105
0.293864
0.297942
0.290969
0.298278
0.290141
0.289759
0.29146
0.289773
0.28911
0.289239
0.290072
0.293654
0.288108
0.292066
0.290135
0.28911
0.287394
0.288253
0.291231
0.290264
0.290264
0.286068
0.285629
0.285629
0.287118
0.28541
0.28541
0.285687
0.332735
0.32716
0.333567
0.332293
0.327415
0.328678
0.331425
0.332154
0.330315
0.331017
0.329749
0.325677
0.32645
0.327597
0.324669
0.324442
0.328443
0.330871
0.326754
0.328822
0.329668
0.324265
0.323726
0.322942
0.322519
0.323551
0.32124
0.323821
0.319419
0.319769
0.324268
0.321961
0.323483
0.316975
0.320673
0.315872
0.315387
0.316248
0.313866
0.318673
0.316899
0.315666
0.317028
0.315876
0.314026
0.314945
0.309486
0.309384
0.31199
0.308697
0.30892
0.306551
0.306463
0.305975
0.306376
0.306027
0.303677
0.303952
0.304523
0.302905
0.301605
0.301766
0.30173
0.301386
0.299557
0.300317
0.298692
0.298134
0.298364
0.298348
0.298018
0.295796
0.296017
0.294424
0.295975
0.294545
0.293257
0.293025
0.293639
0.293607
0.291529
0.291331
0.291397
0.291205
0.290719
0.290796
0.290264
0.290415
0.290386
0.289411
0.289427
0.289679
0.289679
0.289285
0.287481
0.287481
0.287305
0.288361
0.288361
0.28851
0.333236
0.331024
0.331562
0.333191
0.328671
0.328323
0.333315
0.328588
0.327192
0.327141
0.328294
0.332353
0.329883
0.327186
0.330199
0.328074
0.326357
0.330501
0.328222
0.32668
0.326028
0.323907
0.325311
0.327675
0.328644
0.321294
0.325797
0.32185
0.319617
0.322334
0.32094
0.323515
0.317644
0.323786
0.322496
0.319016
0.315106
0.318706
0.314968
0.312936
0.31446
0.312161
0.314657
0.314944
0.313911
0.31301
0.312185
0.314431
0.30689
0.313234
0.307366
0.305207
0.30797
0.310714
0.309378
0.309299
0.301027
0.309006
0.301149
0.306646
0.30552
0.299134
0.305356
0.300919
0.302147
0.298828
0.301049
0.295118
0.294727
0.294661
0.295685
0.296285
0.298635
0.295313
0.296079
0.294151
0.293214
0.291736
0.293182
0.292985
0.293522
0.29293
0.29049
0.289026
0.289341
0.29032
0.292097
0.288584
0.29078
0.289008
0.291208
0.286995
0.286995
0.287328
0.287527
0.287527
0.287243
0.286752
0.286752
0.288094
0.330521
0.332415
0.33053
0.33223
0.330305
0.330776
0.332125
0.330116
0.330108
0.33052
0.331407
0.330259
0.329209
0.330236
0.329361
0.330075
0.328026
0.328145
0.327704
0.328044
0.326912
0.327054
0.32787
0.327507
0.324698
0.326968
0.325545
0.322991
0.323538
0.322323
0.322124
0.321706
0.321876
0.319669
0.319442
0.3209
0.318746
0.317257
0.316527
0.315678
0.315326
0.31674
0.314861
0.313024
0.315925
0.314534
0.31354
0.313942
0.312685
0.308986
0.309592
0.308583
0.307847
0.309223
0.309306
0.304485
0.308121
0.304246
0.305365
0.3053
0.303407
0.304684
0.300548
0.303718
0.299052
0.300015
0.29809
0.29948
0.30055
0.297403
0.295477
0.296544
0.298328
0.298338
0.294205
0.297607
0.294844
0.292109
0.296169
0.29286
0.290715
0.294551
0.291903
0.290422
0.292304
0.292456
0.29012
0.288489
0.29206
0.288543
0.288553
0.288438
0.288438
0.288448
0.288358
0.288358
0.287295
0.287038
0.287038
0.287459
0.332287
0.331621
0.332213
0.331456
0.331843
0.331857
0.331512
0.331265
0.330877
0.330956
0.331178
0.330653
0.33042
0.330636
0.330379
0.329889
0.329151
0.329602
0.329081
0.328566
0.328584
0.327143
0.327145
0.327589
0.325573
0.326917
0.326852
0.323946
0.323427
0.32484
0.325088
0.324711
0.320663
0.320709
0.319604
0.322353
0.318025
0.321269
0.320679
0.320162
0.318593
0.314179
0.317745
0.313109
0.316932
0.312192
0.314562
0.310576
0.309588
0.310223
0.311689
0.308635
0.310221
0.306792
0.306649
0.307819
0.307531
0.305341
0.30401
0.305204
0.303685
0.302312
0.303462
0.302402
0.301019
0.301468
0.300389
0.299276
0.29963
0.298594
0.297785
0.297717
0.297654
0.297469
0.296111
0.294568
0.295617
0.29565
0.295155
0.294211
0.293176
0.291574
0.293925
0.290513
0.292978
0.29298
0.292828
0.293065
0.289114
0.288239
0.288766
0.288264
0.288264
0.289037
0.287089
0.287089
0.287693
0.288061
0.288061
0.288009
0.333776
0.330783
0.33138
0.332569
0.330246
0.330449
0.332826
0.331561
0.333379
0.331119
0.329662
0.332898
0.328795
0.331976
0.331858
0.331178
0.329484
0.330322
0.328076
0.331085
0.327741
0.329263
0.32886
0.324878
0.328726
0.325287
0.325456
0.324089
0.323409
0.325466
0.325618
0.324073
0.323746
0.321797
0.323122
0.319322
0.320411
0.320413
0.321677
0.320454
0.316509
0.318161
0.313752
0.31854
0.315896
0.3161
0.316273
0.311294
0.310822
0.310385
0.308926
0.313465
0.306963
0.308215
0.306033
0.307128
0.308535
0.308387
0.307885
0.3066
0.301877
0.301685
0.303804
0.303448
0.304396
0.299283
0.298618
0.300248
0.301683
0.296759
0.30044
0.299348
0.296917
0.294554
0.295969
0.297689
0.295537
0.296136
0.296466
0.294379
0.292409
0.292281
0.292984
0.290583
0.293098
0.290841
0.289948
0.290115
0.289677
0.289869
0.290244
0.290422
0.290422
0.290152
0.287604
0.287604
0.287381
0.288268
0.288268
0.286956
0.331276
0.333442
0.33377
0.331106
0.333225
0.333145
0.333674
0.33071
0.333387
0.332374
0.330305
0.332933
0.33016
0.332622
0.332146
0.328956
0.331622
0.328549
0.329994
0.327879
0.329967
0.327224
0.329111
0.327469
0.327564
0.325537
0.326136
0.325078
0.325108
0.324092
0.324496
0.32281
0.323224
0.323092
0.321326
0.321551
0.321783
0.319975
0.32083
0.319677
0.317649
0.319053
0.318219
0.314956
0.315253
0.316475
0.316385
0.312297
0.312803
0.313937
0.3137
0.309205
0.311443
0.31174
0.308048
0.307899
0.307617
0.305747
0.305261
0.303929
0.306158
0.304742
0.305178
0.301978
0.302228
0.304582
0.303009
0.30321
0.301173
0.296798
0.299523
0.295683
0.297506
0.297627
0.299589
0.298877
0.297836
0.293075
0.292001
0.295415
0.295806
0.292455
0.294468
0.293684
0.289428
0.294729
0.289222
0.288068
0.288341
0.28821
0.290176
0.288153
0.288153
0.289082
0.28696
0.28696
0.289701
0.289441
0.289441
0.286117
0.332415
0.333575
0.333443
0.332203
0.332708
0.332515
0.333112
0.332674
0.332448
0.331448
0.332768
0.331111
0.332211
0.330744
0.330599
0.331742
0.330137
0.330598
0.329272
0.329446
0.328941
0.328781
0.328667
0.328333
0.328092
0.326789
0.327483
0.326491
0.327165
0.325288
0.324711
0.325091
0.325088
0.324826
0.322112
0.322718
0.322734
0.321155
0.32126
0.318478
0.320367
0.317954
0.317369
0.316298
0.31589
0.316996
0.315637
0.315892
0.314286
0.311649
0.311212
0.311677
0.312263
0.311517
0.308249
0.307769
0.307865
0.308243
0.307318
0.305633
0.305574
0.30402
0.303417
0.303261
0.30336
0.302721
0.301824
0.301653
0.300562
0.300735
0.299547
0.298737
0.297073
0.297243
0.298669
0.295201
0.294394
0.297523
0.295199
0.294269
0.294699
0.291778
0.294232
0.292683
0.29312
0.290491
0.291666
0.289918
0.290961
0.291454
0.2907
0.288607
0.288607
0.289186
0.28889
0.28889
0.288087
0.287497
0.287497
0.287733
0.333879
0.331625
0.332769
0.334643
0.332953
0.333561
0.332118
0.331472
0.33362
0.333148
0.331471
0.332122
0.333475
0.330411
0.329665
0.333
0.330327
0.329913
0.329453
0.328338
0.331464
0.329043
0.329025
0.329034
0.326398
0.326047
0.326503
0.325647
0.32743
0.325668
0.325551
0.32459
0.325544
0.323709
0.32299
0.322621
0.32137
0.319941
0.322688
0.318734
0.321377
0.319277
0.319742
0.316265
0.317414
0.314511
0.316456
0.314798
0.3156
0.312366
0.312332
0.311063
0.310513
0.309992
0.311005
0.30866
0.307569
0.308859
0.307275
0.305463
0.30479
0.305847
0.30517
0.303032
0.303853
0.303907
0.300227
0.299787
0.299702
0.298815
0.298436
0.299374
0.298458
0.296418
0.296579
0.297311
0.297139
0.295749
0.295892
0.295267
0.293124
0.294633
0.293521
0.293956
0.29299
0.292067
0.290691
0.29282
0.289998
0.28973
0.290227
0.289314
0.289314
0.290202
0.289311
0.289311
0.289938
0.287207
0.287207
0.287129
0.333186
0.334286
0.334234
0.332899
0.332932
0.332699
0.332716
0.333422
0.332724
0.333409
0.332194
0.332617
0.332886
0.331408
0.331272
0.332367
0.331921
0.330291
0.331642
0.331242
0.329034
0.330404
0.329466
0.328478
0.32974
0.329275
0.327007
0.327272
0.326201
0.325118
0.325604
0.324804
0.325178
0.323199
0.325124
0.324959
0.324283
0.323973
0.319448
0.322767
0.319214
0.318109
0.318517
0.317136
0.318132
0.316811
0.316553
0.316149
0.313331
0.31544
0.311988
0.311888
0.311186
0.310404
0.310873
0.309003
0.310063
0.307249
0.30829
0.306958
0.305843
0.305685
0.305556
0.304505
0.305092
0.302002
0.303258
0.303466
0.299553
0.300186
0.298101
0.299801
0.300103
0.298766
0.298383
0.295441
0.297636
0.295139
0.295756
0.29683
0.295574
0.29207
0.292582
0.294055
0.294313
0.29221
0.292408
0.292924
0.292653
0.29343
0.288874
0.28884
0.28884
0.292239
0.286968
0.286968
0.286901
0.290006
0.290006
0.286715
0.336089
0.335864
0.333973
0.330207
0.331577
0.329677
0.330088
0.33395
0.332552
0.334895
0.331767
0.329891
0.33494
0.330892
0.335355
0.328654
0.331328
0.334714
0.327506
0.327773
0.333729
0.330352
0.326719
0.332831
0.331064
0.33165
0.32762
0.327662
0.325413
0.325623
0.329084
0.321349
0.320744
0.327858
0.319543
0.320452
0.322297
0.32067
0.319943
0.325366
0.318136
0.316983
0.322051
0.32037
0.320911
0.321606
0.312099
0.313494
0.317806
0.315119
0.315279
0.313204
0.309366
0.311016
0.307002
0.314503
0.304865
0.311995
0.304414
0.310896
0.305506
0.309387
0.302353
0.30634
0.300278
0.306746
0.300177
0.304492
0.297822
0.297275
0.301777
0.297473
0.295218
0.294786
0.294924
0.295054
0.299262
0.296715
0.293469
0.293399
0.293443
0.293804
0.29468
0.293829
0.292777
0.294201
0.293803
0.290665
0.290114
0.292193
0.290078
0.289005
0.289005
0.289322
0.290447
0.290447
0.289406
0.290023
0.290023
0.286889
0.331798
0.332542
0.333553
0.336468
0.336046
0.336014
0.33623
0.335551
0.33102
0.335434
0.330607
0.334068
0.335497
0.330077
0.33396
0.330304
0.332097
0.334237
0.328758
0.328692
0.332294
0.332909
0.329057
0.328348
0.330011
0.327695
0.328477
0.328981
0.327485
0.325788
0.325148
0.325419
0.324536
0.325762
0.323485
0.323823
0.324384
0.324187
0.321896
0.321127
0.321826
0.321456
0.318251
0.317856
0.319832
0.319687
0.315421
0.317022
0.314488
0.316359
0.313464
0.314605
0.314509
0.310477
0.310675
0.312376
0.308908
0.308
0.310645
0.305914
0.308887
0.304045
0.306888
0.307315
0.301119
0.305726
0.306476
0.302419
0.305148
0.304785
0.29688
0.295947
0.295136
0.296771
0.298508
0.299563
0.292715
0.293292
0.294604
0.292825
0.292278
0.292204
0.292213
0.293754
0.294406
0.29164
0.294284
0.290699
0.290787
0.292855
0.290603
0.291941
0.291941
0.290948
0.291902
0.291902
0.287195
0.28684
0.28684
0.289005
0.335614
0.334456
0.334114
0.33319
0.333418
0.333389
0.333306
0.332995
0.334979
0.332506
0.334352
0.334428
0.333068
0.332116
0.33198
0.333057
0.333449
0.333253
0.330429
0.330329
0.331881
0.332057
0.330727
0.329011
0.328795
0.328293
0.330151
0.329488
0.327896
0.328977
0.328675
0.328781
0.328381
0.323638
0.325656
0.322749
0.323629
0.324397
0.321586
0.321078
0.32152
0.320197
0.320506
0.321128
0.317975
0.316821
0.318546
0.315946
0.317897
0.316202
0.31386
0.313718
0.314725
0.311602
0.310939
0.310607
0.311607
0.310321
0.308189
0.308233
0.307838
0.306244
0.305831
0.30529
0.304772
0.30352
0.303245
0.303076
0.302044
0.302691
0.300422
0.300341
0.300362
0.299919
0.299043
0.297564
0.29837
0.29826
0.298029
0.295305
0.293882
0.294633
0.294803
0.294371
0.292497
0.29212
0.293592
0.291818
0.292616
0.291155
0.291656
0.290423
0.290423
0.291184
0.291167
0.291167
0.288665
0.290512
0.290512
0.290171
0.334803
0.335112
0.335091
0.334844
0.334737
0.334922
0.334782
0.334647
0.333938
0.334329
0.333937
0.333626
0.333408
0.333555
0.332808
0.333406
0.333138
0.332426
0.331851
0.331559
0.331946
0.331833
0.330897
0.330172
0.329853
0.329542
0.329531
0.328959
0.329367
0.328879
0.327035
0.327283
0.326063
0.32731
0.326135
0.325926
0.323012
0.323023
0.322049
0.322075
0.321854
0.320184
0.32227
0.321553
0.318996
0.320399
0.31786
0.319215
0.317772
0.31574
0.313583
0.3152
0.314829
0.314892
0.313846
0.31238
0.308688
0.307351
0.308168
0.310696
0.306405
0.305597
0.305464
0.305274
0.305667
0.305121
0.304448
0.302793
0.302255
0.303225
0.302166
0.302109
0.29998
0.298487
0.300194
0.29873
0.299093
0.298628
0.295274
0.296128
0.297195
0.293025
0.29256
0.292747
0.292476
0.292544
0.293897
0.293109
0.292741
0.292191
0.292127
0.289575
0.289575
0.29187
0.290641
0.290641
0.291682
0.286894
0.286894
0.287435
0.333556
0.335459
0.335215
0.336821
0.336678
0.334523
0.333928
0.334822
0.335684
0.332536
0.336009
0.335567
0.333958
0.331422
0.334564
0.331157
0.330974
0.332355
0.334463
0.334196
0.332863
0.331907
0.329077
0.328811
0.328047
0.329104
0.329897
0.327083
0.33189
0.327288
0.326184
0.325475
0.328515
0.324285
0.326039
0.323733
0.32752
0.324579
0.325037
0.325717
0.324793
0.320087
0.324155
0.321781
0.321765
0.322082
0.322295
0.314602
0.318448
0.317346
0.319486
0.311594
0.31795
0.31275
0.313282
0.314157
0.311586
0.311382
0.309527
0.30669
0.311147
0.309538
0.310344
0.302465
0.309129
0.3071
0.303161
0.306608
0.307479
0.298528
0.300919
0.296666
0.304408
0.295803
0.296611
0.30064
0.297504
0.294566
0.296286
0.296741
0.296078
0.296714
0.292663
0.291054
0.291854
0.291592
0.290664
0.292929
0.292087
0.290083
0.289574
0.289692
0.289692
0.292152
0.289183
0.289183
0.289001
0.290682
0.290682
0.288519
0.33453
0.334282
0.334253
0.334783
0.33442
0.334282
0.334701
0.334116
0.334459
0.335229
0.333594
0.333748
0.334074
0.334916
0.332824
0.334557
0.334349
0.333948
0.332127
0.332697
0.33139
0.331126
0.3309
0.331354
0.330411
0.329857
0.330252
0.328816
0.330414
0.328016
0.328873
0.328723
0.328483
0.327255
0.326616
0.326286
0.324582
0.32597
0.325277
0.324476
0.32362
0.322285
0.32249
0.321179
0.321756
0.319417
0.318845
0.318984
0.317616
0.317653
0.315686
0.315785
0.315177
0.313468
0.313478
0.313379
0.312826
0.312387
0.312394
0.312366
0.307503
0.309021
0.309408
0.304869
0.309161
0.305767
0.301788
0.306237
0.301651
0.304546
0.303578
0.300942
0.30006
0.298988
0.29797
0.29871
0.296588
0.297525
0.297899
0.297574
0.294634
0.296921
0.295599
0.293298
0.29441
0.294798
0.294397
0.293264
0.291214
0.293192
0.290365
0.29015
0.29015
0.29112
0.289982
0.289982
0.290782
0.290112
0.290112
0.288224
0.332125
0.332828
0.332143
0.334583
0.333737
0.332619
0.334166
0.333165
0.332764
0.337403
0.332861
0.331244
0.331164
0.33495
0.331355
0.333023
0.332006
0.333837
0.336138
0.33448
0.335813
0.335677
0.334268
0.330834
0.333533
0.331611
0.332195
0.333517
0.331086
0.330399
0.325232
0.326972
0.332003
0.325805
0.325071
0.327596
0.323973
0.329505
0.328461
0.327031
0.323036
0.319802
0.319137
0.321632
0.317027
0.324007
0.323438
0.315335
0.314615
0.315904
0.313478
0.316206
0.317943
0.315705
0.31735
0.311801
0.309839
0.30914
0.310854
0.311563
0.307304
0.309219
0.310629
0.304737
0.305906
0.30396
0.307571
0.304708
0.305902
0.302359
0.303312
0.300585
0.302723
0.298276
0.302568
0.300196
0.300372
0.295868
0.30054
0.297361
0.293542
0.296638
0.293122
0.297236
0.293584
0.292185
0.291766
0.29192
0.293508
0.29411
0.290389
0.290662
0.290662
0.290259
0.290182
0.290182
0.289701
0.2898
0.2898
0.288668
0.336176
0.335964
0.336137
0.335859
0.335928
0.335608
0.335249
0.335216
0.335701
0.334602
0.33474
0.334973
0.335008
0.335069
0.333777
0.334661
0.334302
0.33426
0.333631
0.333794
0.333536
0.333439
0.33296
0.332052
0.332487
0.33061
0.331786
0.330461
0.331427
0.328566
0.330095
0.329914
0.327333
0.328904
0.328303
0.326631
0.325624
0.324809
0.325063
0.32527
0.325197
0.3222
0.32277
0.321462
0.320531
0.321712
0.320768
0.319342
0.318984
0.318685
0.318064
0.317014
0.315106
0.314419
0.314645
0.314037
0.312798
0.311589
0.311791
0.311756
0.310922
0.309865
0.307388
0.30847
0.308732
0.304528
0.306704
0.304698
0.304796
0.304603
0.304248
0.30151
0.300313
0.301911
0.299159
0.298505
0.300102
0.298692
0.299156
0.297867
0.29639
0.295198
0.296896
0.294095
0.295689
0.294537
0.292845
0.292707
0.293207
0.293603
0.291748
0.292864
0.292864
0.292253
0.292651
0.292651
0.288076
0.288907
0.288907
0.287911
0.335857
0.336036
0.335885
0.33585
0.335882
0.335547
0.335474
0.335531
0.335288
0.335518
0.33519
0.334973
0.334846
0.334607
0.334579
0.334271
0.334204
0.33387
0.333588
0.333314
0.333132
0.333096
0.332865
0.332501
0.332131
0.331188
0.331122
0.330576
0.330446
0.329939
0.329646
0.328832
0.328761
0.32816
0.327739
0.327615
0.326174
0.326559
0.325437
0.32434
0.323956
0.324166
0.323997
0.321639
0.321323
0.322099
0.321194
0.320097
0.319949
0.318356
0.317638
0.317698
0.317191
0.316598
0.314405
0.314772
0.314363
0.310966
0.312274
0.312808
0.312132
0.308906
0.30775
0.306153
0.306589
0.307668
0.304316
0.304782
0.305441
0.302776
0.304379
0.301605
0.300544
0.300933
0.300464
0.300497
0.298806
0.299125
0.298109
0.297503
0.296926
0.296609
0.296381
0.296299
0.293715
0.294827
0.294813
0.294053
0.293595
0.293907
0.293904
0.290264
0.290264
0.290035
0.289867
0.289867
0.289915
0.289314
0.289314
0.289422
0.336808
0.33543
0.337415
0.335073
0.336978
0.337181
0.334029
0.333734
0.338286
0.334311
0.331547
0.332002
0.331832
0.335032
0.33347
0.330801
0.330223
0.329918
0.331049
0.330452
0.329232
0.329994
0.329485
0.32866
0.332881
0.331618
0.334882
0.329748
0.333241
0.327919
0.331582
0.32566
0.330755
0.326334
0.328999
0.323794
0.329797
0.322827
0.325786
0.328785
0.324759
0.324692
0.322548
0.322198
0.323339
0.323295
0.324559
0.322848
0.323771
0.315859
0.313848
0.313894
0.317142
0.31248
0.31594
0.311083
0.312856
0.314992
0.30822
0.312888
0.309953
0.31089
0.307029
0.305599
0.304762
0.307837
0.307596
0.307003
0.302196
0.302448
0.303784
0.300551
0.300078
0.300053
0.302301
0.301037
0.301261
0.298194
0.298144
0.29638
0.295561
0.295628
0.297581
0.29705
0.293611
0.296799
0.292384
0.292155
0.293551
0.293793
0.292296
0.290769
0.290769
0.29177
0.292564
0.292564
0.291157
0.28908
0.28908
0.287724
0.336601
0.336521
0.336625
0.336568
0.336621
0.335713
0.335699
0.335505
0.335575
0.33618
0.335757
0.335411
0.335308
0.334839
0.335155
0.334841
0.33492
0.334713
0.334254
0.334201
0.334152
0.333809
0.333603
0.333568
0.331956
0.332443
0.330919
0.332435
0.331691
0.329766
0.331085
0.329966
0.328791
0.327979
0.328072
0.327693
0.328211
0.326075
0.325871
0.326712
0.325079
0.325041
0.324211
0.322649
0.32252
0.322954
0.321279
0.320875
0.320062
0.319372
0.318941
0.318249
0.317094
0.317004
0.31525
0.315602
0.313482
0.314109
0.312358
0.311574
0.311184
0.310859
0.309339
0.308257
0.308052
0.307474
0.306468
0.306474
0.305611
0.304651
0.30387
0.303976
0.303922
0.303916
0.299385
0.301952
0.299792
0.299857
0.298689
0.296725
0.297247
0.298174
0.295258
0.295408
0.296136
0.2944
0.295177
0.294731
0.292912
0.292674
0.292633
0.292515
0.292515
0.291252
0.291288
0.291288
0.291223
0.28977
0.28977
0.290479
0.338065
0.337794
0.337806
0.337988
0.337667
0.334342
0.33507
0.335426
0.334276
0.337044
0.337473
0.337031
0.337023
0.335759
0.334117
0.336487
0.335063
0.3349
0.335501
0.332335
0.332602
0.331924
0.331711
0.331651
0.333498
0.331487
0.332759
0.330394
0.33029
0.332184
0.329268
0.331553
0.328482
0.328536
0.326712
0.328425
0.329969
0.324868
0.327162
0.328257
0.323261
0.326586
0.325223
0.325137
0.325306
0.321368
0.324048
0.323209
0.322145
0.31857
0.320357
0.320648
0.319364
0.317983
0.315139
0.313082
0.316863
0.311443
0.315251
0.309731
0.309401
0.312838
0.309354
0.310813
0.310746
0.308862
0.304893
0.306841
0.304424
0.303453
0.304212
0.304415
0.304183
0.301231
0.302992
0.298604
0.298789
0.301429
0.302442
0.297126
0.295821
0.299916
0.293764
0.29381
0.293701
0.297244
0.293588
0.296748
0.291963
0.291018
0.292001
0.291096
0.291096
0.291639
0.29058
0.29058
0.291438
0.289955
0.289955
0.289998
0.337475
0.337032
0.337747
0.337426
0.337736
0.335292
0.335318
0.335573
0.334985
0.337049
0.337147
0.336952
0.336913
0.336304
0.334126
0.335895
0.334409
0.334123
0.334342
0.333329
0.333046
0.333899
0.334129
0.334151
0.333357
0.332578
0.330813
0.333548
0.333021
0.329687
0.331617
0.329124
0.331403
0.330954
0.328759
0.330209
0.329315
0.325534
0.32707
0.328544
0.323593
0.325583
0.323357
0.326271
0.325055
0.325755
0.319972
0.31947
0.318692
0.320726
0.316524
0.316692
0.315862
0.320832
0.313059
0.31231
0.318809
0.31218
0.313315
0.312196
0.313334
0.308034
0.311331
0.306052
0.306065
0.30566
0.304616
0.305942
0.30542
0.305389
0.303064
0.30304
0.303301
0.30335
0.301622
0.300589
0.299696
0.300955
0.299321
0.29838
0.298663
0.296574
0.298299
0.297439
0.296831
0.294297
0.293428
0.295334
0.292849
0.292717
0.294249
0.294357
0.294357
0.292461
0.290413
0.290413
0.289355
0.289249
0.289249
0.290255
0.336077
0.336385
0.335754
0.33582
0.335812
0.337598
0.337077
0.336674
0.33742
0.33604
0.335173
0.334909
0.335048
0.334739
0.336643
0.335554
0.336339
0.33628
0.335926
0.334214
0.33416
0.333138
0.332691
0.332555
0.333928
0.331987
0.332288
0.332304
0.331925
0.330928
0.331674
0.330522
0.330761
0.330221
0.329378
0.329397
0.329348
0.327032
0.328132
0.326934
0.326319
0.32444
0.323941
0.323169
0.322675
0.322838
0.323417
0.322903
0.322635
0.321092
0.321518
0.318724
0.317244
0.318769
0.315303
0.314754
0.317087
0.315311
0.31203
0.315343
0.314194
0.314375
0.309744
0.312662
0.311119
0.308796
0.308856
0.304861
0.304049
0.303366
0.304246
0.303005
0.302623
0.303717
0.301626
0.301075
0.300204
0.30072
0.299334
0.299387
0.297893
0.297957
0.297747
0.297216
0.296066
0.296035
0.295371
0.295879
0.294797
0.29594
0.291386
0.291017
0.291017
0.290941
0.29237
0.29237
0.290033
0.290065
0.290065
0.289742
0.337809
0.338095
0.336321
0.336902
0.335319
0.337231
0.338336
0.338127
0.33778
0.334654
0.334201
0.334386
0.333919
0.33413
0.33758
0.335534
0.33737
0.337403
0.337056
0.333427
0.333126
0.332145
0.332576
0.332958
0.335086
0.332242
0.330557
0.334661
0.334599
0.330941
0.329794
0.332052
0.328646
0.32773
0.329165
0.326968
0.326558
0.330243
0.32509
0.329713
0.324129
0.326267
0.322999
0.324605
0.322146
0.323017
0.324536
0.324763
0.321934
0.32378
0.319553
0.317328
0.318322
0.319246
0.319442
0.319161
0.31241
0.313201
0.317441
0.311651
0.314582
0.311872
0.308292
0.313572
0.311942
0.307176
0.306331
0.306192
0.308008
0.308083
0.307511
0.306946
0.301447
0.303725
0.30035
0.301578
0.298547
0.301918
0.298313
0.299278
0.300237
0.295446
0.299626
0.293917
0.29634
0.294829
0.294515
0.295129
0.292595
0.295892
0.291805
0.291793
0.291793
0.292298
0.290578
0.290578
0.292341
0.290274
0.290274
0.290954
0.336029
0.336247
0.335921
0.335822
0.336261
0.337999
0.336488
0.335822
0.336992
0.337607
0.336715
0.336608
0.336977
0.336347
0.335181
0.336241
0.334805
0.33433
0.334113
0.335467
0.335581
0.335607
0.334898
0.333982
0.332781
0.33332
0.333964
0.331579
0.331545
0.331286
0.332799
0.330375
0.331792
0.331098
0.328954
0.32889
0.329488
0.329494
0.327386
0.328178
0.326467
0.326706
0.325164
0.324709
0.324309
0.323982
0.324063
0.32337
0.32174
0.321743
0.320204
0.320936
0.3197
0.318463
0.317817
0.31695
0.31595
0.315765
0.315112
0.313874
0.313531
0.312896
0.31197
0.31056
0.310488
0.309812
0.309178
0.3069
0.306613
0.306761
0.3065
0.305556
0.302736
0.304907
0.302405
0.301919
0.30276
0.301438
0.299548
0.301161
0.298599
0.296812
0.298875
0.29579
0.298359
0.294921
0.296201
0.294853
0.29591
0.292796
0.294976
0.291847
0.291847
0.291772
0.291622
0.291622
0.291635
0.290712
0.290712
0.290441
0.337487
0.337536
0.338106
0.338091
0.33779
0.336119
0.337115
0.337672
0.336526
0.335708
0.336143
0.33615
0.335313
0.335612
0.337134
0.335782
0.337014
0.33695
0.336783
0.333804
0.333622
0.334176
0.335199
0.335558
0.332745
0.335111
0.334727
0.331657
0.331426
0.33322
0.332827
0.330599
0.332778
0.332388
0.328444
0.328867
0.329633
0.330851
0.326438
0.329953
0.325399
0.324879
0.325433
0.32351
0.32688
0.326328
0.321693
0.322615
0.324406
0.324052
0.319665
0.321147
0.322081
0.317223
0.317315
0.315746
0.315519
0.316008
0.316761
0.31504
0.315392
0.3146
0.314138
0.310357
0.312842
0.308646
0.307176
0.309698
0.307364
0.30468
0.30479
0.306714
0.303128
0.30541
0.302612
0.303268
0.301571
0.303111
0.299841
0.298285
0.299252
0.299569
0.298142
0.296552
0.29706
0.29541
0.295812
0.295488
0.295598
0.293926
0.294195
0.292883
0.292883
0.29327
0.293255
0.293255
0.292222
0.290347
0.290347
0.289298
0.336212
0.336226
0.337361
0.337166
0.338285
0.336333
0.335968
0.336489
0.335539
0.336752
0.33744
0.337341
0.336364
0.336636
0.336809
0.33494
0.337002
0.337468
0.337295
0.33394
0.333443
0.334225
0.335507
0.336154
0.332245
0.335493
0.335378
0.331274
0.331183
0.331831
0.333863
0.330472
0.332026
0.330311
0.330255
0.329382
0.328856
0.328202
0.329911
0.32709
0.329355
0.328471
0.327081
0.326903
0.324285
0.32389
0.32588
0.323532
0.322513
0.320648
0.323603
0.318873
0.32051
0.317449
0.3194
0.316002
0.316253
0.315953
0.316308
0.316914
0.313756
0.31195
0.31098
0.313702
0.309636
0.311377
0.311634
0.305844
0.310507
0.305559
0.304645
0.306644
0.303827
0.306042
0.302993
0.304941
0.299644
0.301657
0.303465
0.302202
0.29959
0.295923
0.295237
0.299866
0.295062
0.294757
0.294893
0.295599
0.294367
0.295426
0.292547
0.293737
0.293737
0.291389
0.292877
0.292877
0.291646
0.2899
0.2899
0.290129
0.338218
0.338059
0.334952
0.33525
0.334347
0.339796
0.337391
0.335381
0.33821
0.339204
0.337784
0.338001
0.339075
0.338688
0.333358
0.334343
0.333519
0.334896
0.335432
0.336807
0.335218
0.331772
0.332726
0.334812
0.333936
0.336539
0.335618
0.330834
0.329841
0.332398
0.335543
0.32897
0.332615
0.329184
0.331458
0.330683
0.33008
0.326318
0.331788
0.326532
0.327179
0.328172
0.32418
0.323362
0.328233
0.328252
0.324201
0.327043
0.319982
0.319525
0.324835
0.317736
0.320722
0.315953
0.318335
0.31513
0.313326
0.312815
0.311909
0.313764
0.312548
0.315229
0.315818
0.309839
0.315685
0.306583
0.312875
0.305104
0.311626
0.305459
0.303175
0.309396
0.301741
0.30481
0.307846
0.302631
0.304786
0.300883
0.297494
0.297263
0.29752
0.298292
0.299237
0.299908
0.294973
0.296111
0.295849
0.2948
0.293817
0.296429
0.296308
0.292486
0.292486
0.294291
0.290609
0.290609
0.290458
0.292942
0.292942
0.288928
0.336572
0.336443
0.335543
0.335425
0.337079
0.338377
0.335599
0.335355
0.335883
0.338537
0.338841
0.33868
0.337407
0.337761
0.33672
0.334558
0.337597
0.338351
0.338008
0.333201
0.333109
0.336041
0.337498
0.3364
0.332607
0.333061
0.333437
0.33451
0.335493
0.33271
0.329524
0.334708
0.332085
0.334665
0.327668
0.327327
0.326933
0.330266
0.330324
0.325759
0.331705
0.331642
0.323739
0.322974
0.327168
0.328637
0.323636
0.327842
0.319855
0.318932
0.326262
0.31858
0.324997
0.318912
0.316123
0.322931
0.321618
0.321544
0.3206
0.318781
0.313677
0.309391
0.309727
0.30745
0.314716
0.30584
0.313889
0.304035
0.313467
0.302434
0.306894
0.303571
0.31023
0.303614
0.299645
0.307281
0.29838
0.297451
0.298595
0.298095
0.297441
0.297667
0.298495
0.30058
0.2982
0.294936
0.298409
0.297535
0.298074
0.293996
0.294183
0.291203
0.291203
0.294746
0.289989
0.289989
0.290848
0.289739
0.289739
0.292144
0.339373
0.339586
0.339569
0.339826
0.336679
0.336831
0.340099
0.339292
0.339952
0.336152
0.334772
0.334991
0.337648
0.33664
0.333889
0.336738
0.333002
0.333852
0.334718
0.337692
0.33578
0.331912
0.333679
0.336453
0.332152
0.337337
0.337274
0.330493
0.332011
0.329624
0.331376
0.335733
0.32962
0.333649
0.328854
0.328032
0.327139
0.330477
0.331498
0.324979
0.330756
0.330793
0.323366
0.323482
0.330788
0.328088
0.330315
0.321769
0.327814
0.32749
0.317166
0.325957
0.315716
0.318752
0.321256
0.315398
0.314841
0.31886
0.320691
0.316469
0.316271
0.308134
0.31028
0.307215
0.318761
0.310213
0.313639
0.310996
0.302255
0.31494
0.309262
0.311418
0.297733
0.299489
0.309358
0.299393
0.295903
0.297859
0.29909
0.295208
0.294156
0.294833
0.294703
0.293875
0.296722
0.300014
0.296194
0.29243
0.297528
0.291971
0.292022
0.291773
0.291773
0.294437
0.291374
0.291374
0.293891
0.293621
0.293621
0.288955
0.336484
0.336649
0.337947
0.337863
0.338934
0.336553
0.337057
0.337961
0.336734
0.336166
0.336565
0.336287
0.335576
0.335477
0.337822
0.338177
0.336647
0.335506
0.334753
0.337199
0.337491
0.335231
0.333637
0.334016
0.335428
0.335949
0.335686
0.332361
0.332122
0.331785
0.333441
0.334052
0.331151
0.332849
0.330309
0.329647
0.329113
0.329601
0.331744
0.327833
0.328307
0.327703
0.328353
0.32866
0.32597
0.323887
0.325272
0.32364
0.324677
0.322722
0.325312
0.320273
0.324454
0.322848
0.321904
0.317991
0.316287
0.31559
0.316435
0.314869
0.317293
0.312097
0.313426
0.31254
0.314257
0.314487
0.308011
0.312051
0.310066
0.306754
0.308091
0.305139
0.30629
0.306603
0.307077
0.30229
0.302018
0.302134
0.302067
0.301206
0.300436
0.299831
0.299757
0.299725
0.299812
0.299022
0.294965
0.295468
0.296147
0.293923
0.294229
0.294425
0.294425
0.293168
0.29292
0.29292
0.291855
0.291952
0.291952
0.291384
0.335933
0.335732
0.335884
0.335714
0.338633
0.337171
0.335015
0.336253
0.334901
0.336525
0.337666
0.336999
0.334632
0.334641
0.339456
0.338647
0.337687
0.335385
0.333659
0.337666
0.338784
0.335248
0.332071
0.333162
0.335633
0.337408
0.337404
0.330498
0.331674
0.330008
0.331327
0.336331
0.332287
0.335853
0.327553
0.327901
0.329573
0.326704
0.330551
0.333017
0.327627
0.327817
0.329167
0.325616
0.327871
0.330355
0.329163
0.323612
0.328564
0.328336
0.320946
0.318879
0.325178
0.321239
0.320798
0.318166
0.314853
0.31553
0.319368
0.318482
0.313267
0.313972
0.319201
0.317848
0.30837
0.307677
0.316166
0.308507
0.303935
0.313756
0.302539
0.307243
0.311585
0.311142
0.308713
0.299148
0.298918
0.298881
0.299361
0.30399
0.303273
0.297823
0.296571
0.295648
0.296011
0.296881
0.299795
0.298893
0.293499
0.297854
0.292544
0.291777
0.291777
0.292419
0.295231
0.295231
0.290376
0.290815
0.290815
0.290179
0.337967
0.337915
0.337817
0.337837
0.338053
0.338121
0.337681
0.337657
0.337529
0.337624
0.337737
0.337434
0.337222
0.336931
0.33752
0.33746
0.337047
0.336791
0.336207
0.33668
0.336869
0.335989
0.335297
0.335431
0.335241
0.335542
0.335292
0.334057
0.334224
0.333776
0.333202
0.333615
0.333763
0.332975
0.332069
0.332214
0.332399
0.331598
0.329663
0.330139
0.330969
0.330197
0.327547
0.328058
0.327023
0.325053
0.325004
0.326606
0.323281
0.323197
0.32321
0.324805
0.32083
0.319833
0.319491
0.321515
0.319456
0.317319
0.31773
0.317375
0.315753
0.315739
0.316086
0.31397
0.31337
0.311806
0.311218
0.312039
0.310323
0.308222
0.30944
0.308698
0.306962
0.306224
0.30518
0.304223
0.304063
0.304161
0.303298
0.300697
0.301495
0.301041
0.300132
0.298683
0.298377
0.298479
0.299316
0.298584
0.294125
0.295785
0.293863
0.295813
0.295813
0.295744
0.292481
0.292481
0.292776
0.289905
0.289905
0.289826
0.335183
0.334726
0.335307
0.335255
0.339457
0.336291
0.334432
0.336748
0.33433
0.334995
0.335917
0.334997
0.333226
0.332998
0.338679
0.340321
0.33483
0.332544
0.332782
0.33957
0.337212
0.331497
0.33485
0.338807
0.330558
0.334674
0.333482
0.337365
0.338192
0.338214
0.334708
0.328169
0.332401
0.327599
0.334886
0.331451
0.327447
0.329234
0.335444
0.328776
0.324695
0.325493
0.330557
0.324944
0.330873
0.330027
0.330656
0.320783
0.325046
0.31924
0.327822
0.32882
0.316559
0.315937
0.315411
0.323434
0.316055
0.316209
0.323186
0.323154
0.312499
0.321087
0.309408
0.311204
0.314999
0.313538
0.31659
0.308967
0.304686
0.30716
0.311986
0.30729
0.303669
0.305211
0.301698
0.299994
0.300016
0.300879
0.306062
0.300816
0.300383
0.303833
0.300994
0.296153
0.295454
0.295504
0.295514
0.296223
0.298449
0.297271
0.294789
0.292992
0.292992
0.293402
0.292611
0.292611
0.292847
0.291705
0.291705
0.292018
0.338041
0.337608
0.337315
0.33718
0.338401
0.33833
0.336929
0.337381
0.336929
0.337601
0.337714
0.337322
0.336275
0.336148
0.338252
0.338658
0.3369
0.335763
0.335659
0.337808
0.33699
0.33496
0.335788
0.337239
0.334216
0.33487
0.334266
0.336118
0.335761
0.335633
0.335287
0.332547
0.332272
0.33244
0.331991
0.330702
0.330787
0.330136
0.330997
0.332067
0.331207
0.331249
0.327488
0.328733
0.326963
0.325953
0.325407
0.327652
0.326402
0.327049
0.324554
0.322528
0.323697
0.322859
0.321327
0.323401
0.320989
0.316995
0.320215
0.320356
0.315365
0.318366
0.31316
0.315774
0.31201
0.3104
0.313417
0.3144
0.31318
0.309645
0.307403
0.307859
0.30754
0.304411
0.305999
0.307111
0.304176
0.301615
0.301715
0.304342
0.299063
0.303663
0.300947
0.296475
0.297815
0.29882
0.298682
0.297699
0.294476
0.294271
0.297829
0.293923
0.293923
0.292337
0.29239
0.29239
0.294096
0.291073
0.291073
0.292435
0.334891
0.335211
0.339142
0.339331
0.340761
0.334482
0.338367
0.340523
0.338547
0.334484
0.334015
0.334388
0.337371
0.337255
0.333973
0.335974
0.334014
0.337143
0.339422
0.333513
0.332755
0.338337
0.338497
0.333765
0.3389
0.333681
0.334944
0.331671
0.330611
0.329937
0.330745
0.336377
0.337023
0.333172
0.335189
0.336836
0.333815
0.334702
0.334599
0.326964
0.324726
0.326211
0.329008
0.323161
0.332907
0.323684
0.322726
0.331436
0.322481
0.329997
0.321261
0.318654
0.325643
0.323728
0.318743
0.326583
0.316533
0.319344
0.323906
0.318149
0.323216
0.310104
0.322277
0.313299
0.319531
0.319751
0.31466
0.309197
0.309055
0.303313
0.312427
0.311908
0.309949
0.301938
0.304188
0.303321
0.298155
0.300014
0.309386
0.296849
0.306784
0.295546
0.303135
0.302848
0.293093
0.292166
0.293149
0.292647
0.292358
0.294642
0.300167
0.291513
0.291513
0.291644
0.293083
0.293083
0.2897
0.294589
0.294589
0.288328
0.338976
0.338675
0.337183
0.33712
0.33756
0.339274
0.337126
0.336987
0.336812
0.338344
0.338697
0.338081
0.33645
0.336363
0.338994
0.339028
0.337316
0.335832
0.335528
0.338478
0.33709
0.334893
0.336658
0.337873
0.334687
0.334094
0.333669
0.336603
0.334378
0.334099
0.335724
0.335632
0.333287
0.335193
0.332212
0.333969
0.334319
0.334096
0.332195
0.328749
0.3282
0.328452
0.329676
0.326844
0.330029
0.325993
0.325496
0.328816
0.327356
0.327657
0.326986
0.326048
0.320703
0.319952
0.321904
0.319116
0.322409
0.319203
0.318078
0.320538
0.315576
0.318506
0.315505
0.317767
0.314233
0.316144
0.31286
0.310998
0.31139
0.308699
0.308054
0.306655
0.304898
0.305861
0.305346
0.306676
0.307985
0.305028
0.302284
0.302363
0.304524
0.297898
0.299947
0.302032
0.296016
0.296308
0.298522
0.298855
0.297661
0.296277
0.293514
0.297764
0.297764
0.293622
0.291879
0.291879
0.292612
0.294711
0.294711
0.290365
0.339799
0.339488
0.337708
0.337774
0.337243
0.339735
0.337813
0.336877
0.337626
0.339141
0.339253
0.33885
0.337145
0.337015
0.339246
0.338642
0.338013
0.336214
0.335418
0.338712
0.337725
0.334894
0.336578
0.338167
0.334493
0.334063
0.333528
0.33683
0.334005
0.333834
0.33523
0.336218
0.334623
0.334761
0.333916
0.335099
0.333304
0.333036
0.334211
0.331576
0.33001
0.332165
0.327126
0.330305
0.325811
0.329179
0.330216
0.324054
0.326402
0.323348
0.323206
0.323274
0.326525
0.325322
0.322358
0.324357
0.318487
0.322594
0.318129
0.316355
0.317422
0.320065
0.313679
0.318369
0.312735
0.31609
0.313048
0.311772
0.313244
0.310968
0.306448
0.30614
0.307856
0.311257
0.311142
0.309193
0.300868
0.30242
0.305802
0.305612
0.297871
0.304495
0.298172
0.303107
0.299112
0.29578
0.29634
0.297287
0.297544
0.296784
0.29363
0.296924
0.296924
0.292552
0.295265
0.295265
0.295355
0.29153
0.29153
0.292937
0.336038
0.336398
0.339581
0.339492
0.340578
0.335562
0.339021
0.340623
0.339307
0.335986
0.335623
0.336099
0.339001
0.33903
0.3349
0.335275
0.336844
0.33934
0.33981
0.333884
0.336513
0.339183
0.334634
0.333501
0.336598
0.338862
0.338247
0.334766
0.33811
0.337921
0.335972
0.331854
0.330696
0.334978
0.329495
0.331592
0.335656
0.33551
0.331284
0.327701
0.327282
0.328967
0.327798
0.327192
0.327427
0.327307
0.329293
0.323907
0.327473
0.322984
0.322646
0.32248
0.326772
0.323942
0.320451
0.321766
0.320471
0.321479
0.318765
0.32159
0.3179
0.31618
0.319368
0.313643
0.31654
0.311842
0.311734
0.311447
0.310078
0.309715
0.309576
0.307707
0.30768
0.309715
0.309668
0.307225
0.303348
0.306251
0.301924
0.305389
0.304192
0.299199
0.303623
0.297644
0.302252
0.301854
0.29637
0.295568
0.295297
0.295359
0.295519
0.296899
0.296899
0.293618
0.295092
0.295092
0.29534
0.294708
0.294708
0.290076
0.337409
0.337359
0.338633
0.338725
0.340077
0.337246
0.338424
0.339522
0.338529
0.337056
0.336718
0.336895
0.33819
0.338067
0.336465
0.33708
0.336894
0.338466
0.339019
0.335574
0.33668
0.338487
0.336053
0.335011
0.336802
0.337664
0.337271
0.335457
0.337169
0.336875
0.336059
0.333827
0.332796
0.335193
0.332144
0.333856
0.334737
0.334175
0.333812
0.331514
0.330805
0.332673
0.329002
0.331851
0.32722
0.331291
0.329753
0.328779
0.325402
0.329416
0.328225
0.328837
0.322504
0.325616
0.327409
0.327693
0.317205
0.325662
0.315143
0.319217
0.314051
0.318202
0.321539
0.311375
0.318378
0.309407
0.308678
0.308214
0.312773
0.311455
0.306346
0.311048
0.314134
0.304202
0.303722
0.305795
0.30843
0.301336
0.308669
0.305828
0.299642
0.299464
0.300743
0.299054
0.30213
0.302734
0.295585
0.295163
0.297192
0.297859
0.296553
0.293288
0.293288
0.297058
0.291909
0.291909
0.293095
0.292439
0.292439
0.291068
0.338461
0.33829
0.338781
0.338875
0.339222
0.33823
0.338539
0.338971
0.338685
0.338112
0.337872
0.337985
0.338352
0.338146
0.337745
0.337864
0.337685
0.338181
0.338074
0.336811
0.337266
0.337596
0.336451
0.336542
0.336422
0.336629
0.336269
0.335971
0.336195
0.335702
0.335547
0.33498
0.334458
0.334417
0.333962
0.333917
0.333142
0.332754
0.332903
0.332669
0.332387
0.331522
0.331569
0.330335
0.330222
0.32867
0.327774
0.32886
0.32881
0.326341
0.32696
0.326374
0.32649
0.325525
0.323094
0.323153
0.321712
0.320844
0.321548
0.320683
0.321151
0.31898
0.315709
0.318386
0.316905
0.315038
0.31452
0.313416
0.310691
0.310804
0.30958
0.310023
0.310846
0.307293
0.30717
0.307587
0.305779
0.305424
0.304448
0.304071
0.303731
0.303196
0.302171
0.302271
0.29851
0.299987
0.299821
0.297888
0.296585
0.296786
0.296706
0.296113
0.296113
0.294967
0.294938
0.294938
0.294127
0.293962
0.293962
0.293886
0.339722
0.339391
0.337669
0.337688
0.337941
0.339774
0.337719
0.337458
0.337458
0.33886
0.338962
0.338429
0.336958
0.336811
0.339051
0.339575
0.336971
0.336295
0.33712
0.33786
0.336147
0.337152
0.338482
0.336537
0.338166
0.336357
0.337304
0.334192
0.336134
0.336303
0.334727
0.333117
0.333165
0.334863
0.33195
0.333837
0.335239
0.334592
0.334626
0.333108
0.332741
0.333471
0.331826
0.331903
0.331283
0.328373
0.326069
0.32949
0.330743
0.324262
0.325049
0.323968
0.326028
0.322837
0.323895
0.323981
0.322235
0.322846
0.31947
0.32064
0.31875
0.317815
0.318841
0.317249
0.315269
0.316757
0.316162
0.315134
0.311149
0.311142
0.310212
0.310425
0.310804
0.307755
0.308002
0.307719
0.306467
0.306884
0.305552
0.303973
0.302581
0.302253
0.302719
0.301643
0.299437
0.300572
0.29882
0.298148
0.298608
0.298686
0.298571
0.298553
0.298553
0.295211
0.294253
0.294253
0.292348
0.293717
0.293717
0.292015
0.339134
0.339448
0.339635
0.339569
0.338873
0.338935
0.339606
0.339138
0.339517
0.339146
0.339046
0.33919
0.339094
0.338983
0.338525
0.33792
0.338947
0.338122
0.337109
0.338351
0.338455
0.336363
0.337045
0.338168
0.336171
0.335291
0.335474
0.335901
0.334699
0.334575
0.334017
0.334364
0.335417
0.333434
0.333258
0.332664
0.334634
0.334568
0.333479
0.332085
0.331977
0.333073
0.331388
0.331796
0.330904
0.328873
0.327466
0.329015
0.329969
0.325598
0.325355
0.325906
0.324962
0.324825
0.325568
0.325313
0.321354
0.321554
0.322687
0.32024
0.321085
0.321534
0.318705
0.314791
0.316886
0.316253
0.316834
0.317277
0.310816
0.310229
0.309358
0.311068
0.31162
0.307503
0.30875
0.307053
0.30903
0.306225
0.30805
0.307372
0.306381
0.30539
0.301403
0.305121
0.301377
0.304189
0.296283
0.302313
0.299354
0.295057
0.292781
0.292859
0.292859
0.295928
0.297239
0.297239
0.293658
0.290232
0.290232
0.290424
0.339
0.339174
0.339725
0.339747
0.339184
0.338762
0.339616
0.339232
0.339632
0.339011
0.338802
0.338961
0.339091
0.339096
0.338491
0.337813
0.338961
0.338371
0.337381
0.338295
0.338488
0.336685
0.337105
0.338049
0.336416
0.335652
0.335599
0.336058
0.335151
0.335003
0.334261
0.334212
0.335185
0.334072
0.333135
0.333669
0.335101
0.334641
0.334532
0.333569
0.333614
0.332437
0.333048
0.329921
0.331604
0.3284
0.329909
0.327502
0.327385
0.328876
0.328499
0.328774
0.327808
0.32676
0.322097
0.322234
0.324961
0.32204
0.319768
0.321211
0.319483
0.317776
0.31769
0.319025
0.318369
0.314345
0.314249
0.314916
0.313763
0.312981
0.31182
0.31019
0.311611
0.30843
0.309114
0.306877
0.308716
0.305068
0.305475
0.304829
0.303945
0.304196
0.301279
0.300918
0.301289
0.300277
0.299861
0.29984
0.297989
0.298065
0.29821
0.297924
0.297924
0.297935
0.29392
0.29392
0.295554
0.291716
0.291716
0.291448
0.34009
0.339493
0.336536
0.336508
0.337223
0.34057
0.336565
0.336022
0.336163
0.338854
0.339407
0.338071
0.335399
0.335407
0.339518
0.34057
0.335538
0.335094
0.337764
0.337098
0.334397
0.338675
0.33876
0.334324
0.339251
0.339079
0.339313
0.335249
0.339101
0.338678
0.338633
0.337105
0.334438
0.336091
0.33743
0.335047
0.329682
0.329904
0.329135
0.329277
0.32854
0.330879
0.327407
0.33428
0.328187
0.331352
0.325073
0.330352
0.332412
0.323813
0.323004
0.328211
0.323305
0.330086
0.322972
0.319902
0.328407
0.319586
0.318196
0.321915
0.319147
0.315374
0.313674
0.318661
0.322052
0.31431
0.318847
0.320142
0.308114
0.310836
0.312597
0.313849
0.306571
0.311262
0.307569
0.312423
0.304456
0.311219
0.310342
0.309773
0.308736
0.30848
0.29753
0.297604
0.301063
0.298184
0.298723
0.296933
0.301523
0.298182
0.294798
0.295458
0.295458
0.295
0.294106
0.294106
0.295715
0.293205
0.293205
0.292455
0.33975
0.339184
0.337592
0.33746
0.338368
0.34002
0.337519
0.337577
0.337329
0.338716
0.339016
0.338338
0.336719
0.336637
0.339165
0.339929
0.336561
0.336719
0.338415
0.337148
0.335962
0.338803
0.337964
0.335499
0.338071
0.338738
0.338119
0.336857
0.337985
0.337191
0.337681
0.337488
0.336391
0.334284
0.336614
0.333011
0.33276
0.333658
0.332011
0.330966
0.331262
0.334015
0.331895
0.332376
0.33265
0.328155
0.329666
0.327253
0.327261
0.330314
0.33002
0.328861
0.329996
0.323829
0.324645
0.327416
0.32042
0.322874
0.324952
0.319087
0.318933
0.320092
0.321739
0.321435
0.318429
0.313057
0.313988
0.317684
0.311075
0.31118
0.31199
0.313212
0.30933
0.309707
0.308119
0.31005
0.308521
0.306848
0.306448
0.304688
0.30307
0.302911
0.304036
0.304015
0.303022
0.301162
0.302952
0.300023
0.299411
0.301918
0.296113
0.293842
0.293842
0.293906
0.294611
0.294611
0.296609
0.292555
0.292555
0.291851
0.340915
0.340715
0.337575
0.337398
0.336536
0.341237
0.337704
0.336224
0.337381
0.340156
0.340651
0.339822
0.336551
0.336304
0.340713
0.340737
0.336938
0.335083
0.336635
0.338617
0.335061
0.337909
0.339549
0.335201
0.339722
0.338858
0.339627
0.335248
0.339288
0.338669
0.3389
0.338092
0.336127
0.334512
0.337935
0.332442
0.331797
0.333883
0.331462
0.330048
0.331002
0.335766
0.333645
0.330997
0.33434
0.327261
0.332771
0.328104
0.326771
0.329603
0.329663
0.324181
0.326135
0.323167
0.329408
0.325832
0.326531
0.318507
0.319216
0.324116
0.323261
0.321314
0.318122
0.313526
0.312656
0.319461
0.312003
0.311932
0.3158
0.310278
0.308284
0.316646
0.306593
0.311596
0.307643
0.312172
0.311133
0.304942
0.303959
0.30165
0.302633
0.305235
0.301387
0.301081
0.302417
0.299591
0.298124
0.300817
0.297095
0.298181
0.299594
0.295991
0.295991
0.294951
0.295943
0.295943
0.296849
0.292169
0.292169
0.292959
0.338338
0.337651
0.336043
0.336012
0.338761
0.339179
0.335801
0.336895
0.335592
0.337076
0.337824
0.336439
0.335219
0.335336
0.338015
0.339855
0.334739
0.336524
0.339999
0.334924
0.335158
0.340655
0.336185
0.333922
0.336459
0.339358
0.336505
0.339612
0.336366
0.334119
0.335363
0.337194
0.338734
0.330786
0.332728
0.331242
0.33811
0.337284
0.337635
0.337164
0.336892
0.32868
0.332816
0.328743
0.325615
0.335176
0.3263
0.331855
0.332826
0.326823
0.327309
0.333623
0.33279
0.323364
0.324322
0.33155
0.318286
0.317143
0.326024
0.318333
0.318338
0.317502
0.315455
0.312944
0.312951
0.319093
0.311228
0.314713
0.311984
0.309773
0.313329
0.311527
0.313902
0.306506
0.31
0.304836
0.304129
0.311197
0.311279
0.30904
0.302611
0.299945
0.307779
0.307072
0.307257
0.295888
0.29773
0.299487
0.295914
0.297434
0.30068
0.293245
0.293245
0.293722
0.293411
0.293411
0.293212
0.296677
0.296677
0.292912
0.335694
0.336236
0.340651
0.340618
0.341497
0.334972
0.339776
0.341747
0.340195
0.335874
0.335196
0.336251
0.340427
0.340687
0.334333
0.334078
0.339101
0.341417
0.338873
0.336411
0.341153
0.335167
0.333821
0.340425
0.332803
0.331839
0.332329
0.334495
0.331963
0.33378
0.331873
0.330024
0.329922
0.339351
0.333194
0.339276
0.32928
0.327474
0.327453
0.327471
0.326113
0.335105
0.329315
0.33478
0.336985
0.323913
0.334781
0.328197
0.32691
0.326675
0.32544
0.322944
0.321045
0.331668
0.321582
0.320217
0.323706
0.32873
0.325767
0.318217
0.316903
0.3168
0.317304
0.319137
0.321032
0.322699
0.316531
0.310689
0.316638
0.309592
0.311116
0.313319
0.314041
0.306657
0.311319
0.306264
0.303492
0.312829
0.310136
0.302427
0.301737
0.307761
0.299173
0.299255
0.299571
0.304642
0.305112
0.297725
0.303591
0.296601
0.301124
0.297786
0.297786
0.293037
0.292654
0.292654
0.294481
0.297163
0.297163
0.291776
0.339475
0.338765
0.335978
0.335943
0.337518
0.340453
0.336216
0.336094
0.335928
0.338857
0.339464
0.338145
0.335328
0.335075
0.33978
0.341039
0.335375
0.335308
0.338586
0.336403
0.334451
0.34024
0.337717
0.333831
0.337857
0.340067
0.337579
0.339433
0.33721
0.334681
0.335718
0.337274
0.338765
0.331289
0.331712
0.333101
0.338158
0.335266
0.336302
0.336566
0.33378
0.327881
0.327409
0.336072
0.331232
0.327128
0.328279
0.324272
0.323979
0.332303
0.330933
0.321989
0.322125
0.329655
0.324158
0.319821
0.324785
0.329071
0.327009
0.317201
0.316086
0.316054
0.316003
0.315972
0.316336
0.31845
0.314265
0.318403
0.312772
0.317335
0.315285
0.313369
0.309115
0.313046
0.309191
0.309679
0.309602
0.307776
0.309508
0.308418
0.302621
0.304071
0.303382
0.301679
0.301245
0.303365
0.303167
0.299498
0.301896
0.29788
0.300376
0.29635
0.29635
0.295934
0.296749
0.296749
0.295991
0.293148
0.293148
0.295254
0.341033
0.341068
0.339783
0.339883
0.33777
0.340555
0.340273
0.338592
0.34003
0.340734
0.340646
0.340823
0.33963
0.339321
0.340236
0.339149
0.339855
0.337556
0.336262
0.340103
0.337972
0.336476
0.33983
0.337877
0.339604
0.33778
0.339477
0.335278
0.339238
0.338834
0.338868
0.338463
0.337649
0.33369
0.336634
0.332091
0.336505
0.337133
0.336825
0.336459
0.33627
0.329928
0.331228
0.333353
0.329599
0.330422
0.328069
0.326345
0.326243
0.332023
0.33098
0.324247
0.324133
0.329886
0.323888
0.32342
0.322985
0.325432
0.32654
0.320602
0.321219
0.32232
0.322915
0.322944
0.322161
0.319003
0.320152
0.311853
0.316618
0.31112
0.31581
0.309689
0.314906
0.315233
0.314359
0.313986
0.313003
0.305113
0.309544
0.309838
0.300894
0.30612
0.300701
0.301312
0.303648
0.300703
0.300925
0.300758
0.298076
0.302373
0.296735
0.299959
0.299959
0.29446
0.294581
0.294581
0.294459
0.293699
0.293699
0.294909
0.339785
0.339664
0.339141
0.339151
0.339266
0.339988
0.339236
0.339105
0.339132
0.339631
0.339669
0.339343
0.338713
0.338669
0.339547
0.339483
0.338574
0.338175
0.338608
0.338527
0.338054
0.338429
0.338415
0.337636
0.338156
0.338097
0.337863
0.337349
0.337514
0.336937
0.336773
0.336752
0.336823
0.335226
0.334987
0.3353
0.335544
0.334537
0.334431
0.334084
0.333234
0.333126
0.332206
0.333381
0.332856
0.330621
0.33203
0.331103
0.33123
0.328991
0.329205
0.329329
0.32932
0.326047
0.328263
0.324855
0.327397
0.326982
0.324497
0.321064
0.319885
0.320143
0.320575
0.320863
0.320802
0.319847
0.317817
0.315354
0.31443
0.315676
0.315556
0.314185
0.310859
0.310993
0.310893
0.310004
0.309109
0.308589
0.307317
0.307467
0.305906
0.304717
0.305361
0.303862
0.302396
0.303488
0.303598
0.299331
0.300364
0.299098
0.298365
0.298851
0.298851
0.297077
0.295785
0.295785
0.295658
0.295762
0.295762
0.29355
0.335852
0.336264
0.340482
0.340261
0.341904
0.335025
0.339119
0.341462
0.339373
0.335159
0.334901
0.335401
0.339063
0.339258
0.33453
0.335204
0.337575
0.341196
0.340432
0.335064
0.34056
0.336983
0.33339
0.339985
0.333093
0.332451
0.333051
0.334613
0.333045
0.336067
0.334505
0.332653
0.330913
0.339335
0.339021
0.33451
0.330769
0.33544
0.334119
0.334022
0.337642
0.331129
0.334128
0.330389
0.326014
0.331372
0.325723
0.323629
0.323563
0.33079
0.327151
0.325651
0.324828
0.330911
0.323012
0.332195
0.326913
0.322326
0.317437
0.324824
0.319142
0.315352
0.314652
0.315312
0.315393
0.314742
0.322015
0.314351
0.318349
0.312283
0.31714
0.311118
0.311689
0.313635
0.309767
0.308175
0.307101
0.311089
0.306374
0.307746
0.306999
0.303284
0.305289
0.301935
0.302982
0.302311
0.301462
0.3018
0.301163
0.300446
0.301098
0.29607
0.29607
0.299659
0.296059
0.296059
0.294618
0.295769
0.295769
0.296337
0.34108
0.341002
0.339049
0.339154
0.337802
0.341013
0.339776
0.338285
0.339519
0.340894
0.340853
0.340941
0.339291
0.33902
0.340616
0.339745
0.33963
0.337444
0.336675
0.340206
0.337697
0.337313
0.340202
0.337493
0.339818
0.338909
0.339666
0.336917
0.339288
0.337945
0.338287
0.338633
0.338816
0.333086
0.333754
0.334823
0.337287
0.334011
0.334156
0.333518
0.331024
0.334703
0.332728
0.33256
0.334381
0.332531
0.332654
0.333668
0.332844
0.332087
0.333748
0.325858
0.325385
0.330209
0.323372
0.326014
0.321053
0.320718
0.321043
0.32796
0.325846
0.321852
0.318745
0.317049
0.316884
0.316939
0.319543
0.317754
0.319286
0.313807
0.315722
0.311779
0.312549
0.313636
0.310606
0.309117
0.308437
0.309818
0.306777
0.309135
0.304916
0.306498
0.304422
0.305344
0.303258
0.304135
0.304497
0.299292
0.299134
0.302155
0.300499
0.296103
0.296103
0.299864
0.295368
0.295368
0.294005
0.294077
0.294077
0.295018
0.336882
0.336981
0.338889
0.338561
0.34136
0.337529
0.337689
0.339575
0.337453
0.336799
0.337098
0.336648
0.33706
0.337122
0.337404
0.339107
0.336038
0.338838
0.340922
0.335551
0.337628
0.340391
0.335246
0.337044
0.335043
0.336526
0.334404
0.338399
0.333955
0.334592
0.333847
0.33319
0.33309
0.339
0.337052
0.336634
0.331966
0.334983
0.334297
0.334442
0.337151
0.331515
0.33303
0.333775
0.330745
0.328741
0.332124
0.329708
0.331087
0.325887
0.326506
0.333015
0.332669
0.323975
0.330545
0.322016
0.324466
0.325705
0.326796
0.325732
0.327445
0.325946
0.321852
0.317794
0.317028
0.316343
0.320317
0.317447
0.320073
0.312096
0.318914
0.313318
0.309621
0.30958
0.312552
0.313982
0.312644
0.309135
0.311533
0.304671
0.309763
0.302345
0.305822
0.301711
0.306534
0.30047
0.302919
0.300543
0.300213
0.300916
0.298824
0.297069
0.297069
0.299496
0.295714
0.295714
0.295048
0.295171
0.295171
0.294403
